Datetime,Serial,OF,Cote,Mesure_Theorique,Tolérance_Min,Tolérance_Max
2025-05-08,S0001,8213,"275,00",274.96,274.8,275.1
2025-05-08,S0001,8213,"210,00",209.851,209.7,210.3
2025-05-08,S0001,8213,"320,00",319.965,319.8,320.3
2025-05-08,S0001,8213,"40,00",40.043,39.9,40.1
2025-05-08,S0001,8213,"325,81",325.833,325.31,326.11
2025-05-08,S0001,8213,"275,00",275.168,274.4,275.6
2025-05-08,S0001,8213,"30,00",30.304,29.6,30.4
2025-05-08,S0001,8213,"79,97",79.909,79.77,80.17
2025-05-08,S0001,8213,"40,00",40.14,39.85,40.15
2025-05-08,S0001,8213,"175,00",175.07,174.75,175.25
2025-05-08,S0001,8213,"145,00",145.197,144.8,145.2
2025-05-08,S0001,8213,"4,00",3.963,3.95,4.05
2025-05-08,S0001,8213,"85,00",85.154,84.8,85.2
2025-05-08,S0001,8213,"95,00",95.026,94.75,95.25
2025-05-08,S0001,8213,"105,00",104.825,104.8,105.2
2025-05-09,S0002,9201,"275,00",275.086,274.8,275.1
2025-05-09,S0002,9201,"210,00",210.209,209.7,210.3
2025-05-09,S0002,9201,"320,00",320.243,319.8,320.3
2025-05-09,S0002,9201,"40,00",39.915,39.9,40.1
2025-05-09,S0002,9201,"325,81",325.629,325.31,326.11
2025-05-09,S0002,9201,"275,00",275.442,274.4,275.6
2025-05-09,S0002,9201,"30,00",30.099,29.6,30.4
2025-05-09,S0002,9201,"79,97",79.809,79.77,80.17
2025-05-09,S0002,9201,"40,00",40.121,39.85,40.15
2025-05-09,S0002,9201,"175,00",174.911,174.75,175.25
2025-05-09,S0002,9201,"145,00",144.921,144.8,145.2
2025-05-09,S0002,9201,"4,00",3.975,3.95,4.05
2025-05-09,S0002,9201,"85,00",85.104,84.8,85.2
2025-05-09,S0002,9201,"95,00",95.02,94.75,95.25
2025-05-09,S0002,9201,"105,00",105.185,104.8,105.2
2025-05-10,S0003,3839,"275,00",274.99,274.8,275.1
2025-05-10,S0003,3839,"210,00",209.818,209.7,210.3
2025-05-10,S0003,3839,"320,00",319.94,319.8,320.3
2025-05-10,S0003,3839,"40,00",40.012,39.9,40.1
2025-05-10,S0003,3839,"325,81",325.347,325.31,326.11
2025-05-10,S0003,3839,"275,00",274.737,274.4,275.6
2025-05-10,S0003,3839,"30,00",30.006,29.6,30.4
2025-05-10,S0003,3839,"79,97",79.99,79.77,80.17
2025-05-10,S0003,3839,"40,00",40.134,39.85,40.15
2025-05-10,S0003,3839,"175,00",175.064,174.75,175.25
2025-05-10,S0003,3839,"145,00",144.845,144.8,145.2
2025-05-10,S0003,3839,"4,00",4.026,3.95,4.05
2025-05-10,S0003,3839,"85,00",84.804,84.8,85.2
2025-05-10,S0003,3839,"95,00",95.044,94.75,95.25
2025-05-10,S0003,3839,"105,00",104.968,104.8,105.2
2025-05-11,S0004,5482,"275,00",274.985,274.8,275.1
2025-05-11,S0004,5482,"210,00",210.105,209.7,210.3
2025-05-11,S0004,5482,"320,00",320.269,319.8,320.3
2025-05-11,S0004,5482,"40,00",40.032,39.9,40.1
2025-05-11,S0004,5482,"325,81",325.614,325.31,326.11
2025-05-11,S0004,5482,"275,00",274.721,274.4,275.6
2025-05-11,S0004,5482,"30,00",30.124,29.6,30.4
2025-05-11,S0004,5482,"79,97",80.002,79.77,80.17
2025-05-11,S0004,5482,"40,00",39.875,39.85,40.15
2025-05-11,S0004,5482,"175,00",175.164,174.75,175.25
2025-05-11,S0004,5482,"145,00",144.941,144.8,145.2
2025-05-11,S0004,5482,"4,00",3.956,3.95,4.05
2025-05-11,S0004,5482,"85,00",84.859,84.8,85.2
2025-05-11,S0004,5482,"95,00",94.97,94.75,95.25
2025-05-11,S0004,5482,"105,00",104.961,104.8,105.2
2025-05-12,S0005,2780,"275,00",275.027,274.8,275.1
2025-05-12,S0005,2780,"210,00",210.182,209.7,210.3
2025-05-12,S0005,2780,"320,00",319.888,319.8,320.3
2025-05-12,S0005,2780,"40,00",40.088,39.9,40.1
2025-05-12,S0005,2780,"325,81",325.984,325.31,326.11
2025-05-12,S0005,2780,"275,00",274.929,274.4,275.6
2025-05-12,S0005,2780,"30,00",29.677,29.6,30.4
2025-05-12,S0005,2780,"79,97",79.949,79.77,80.17
2025-05-12,S0005,2780,"40,00",39.877,39.85,40.15
2025-05-12,S0005,2780,"175,00",174.936,174.75,175.25
2025-05-12,S0005,2780,"145,00",145.003,144.8,145.2
2025-05-12,S0005,2780,"4,00",4.044,3.95,4.05
2025-05-12,S0005,2780,"85,00",85.092,84.8,85.2
2025-05-12,S0005,2780,"95,00",94.792,94.75,95.25
2025-05-12,S0005,2780,"105,00",104.807,104.8,105.2
2025-05-13,S0006,7325,"275,00",275.044,274.8,275.1
2025-05-13,S0006,7325,"210,00",209.968,209.7,210.3
2025-05-13,S0006,7325,"320,00",320.298,319.8,320.3
2025-05-13,S0006,7325,"40,00",39.949,39.9,40.1
2025-05-13,S0006,7325,"325,81",325.514,325.31,326.11
2025-05-13,S0006,7325,"275,00",274.577,274.4,275.6
2025-05-13,S0006,7325,"30,00",29.813,29.6,30.4
2025-05-13,S0006,7325,"79,97",79.961,79.77,80.17
2025-05-13,S0006,7325,"40,00",39.953,39.85,40.15
2025-05-13,S0006,7325,"175,00",174.906,174.75,175.25
2025-05-13,S0006,7325,"145,00",144.823,144.8,145.2
2025-05-13,S0006,7325,"4,00",3.986,3.95,4.05
2025-05-13,S0006,7325,"85,00",85.177,84.8,85.2
2025-05-13,S0006,7325,"95,00",94.752,94.75,95.25
2025-05-13,S0006,7325,"105,00",105.11,104.8,105.2
2025-05-14,S0007,7666,"275,00",274.909,274.8,275.1
2025-05-14,S0007,7666,"210,00",210.136,209.7,210.3
2025-05-14,S0007,7666,"320,00",319.888,319.8,320.3
2025-05-14,S0007,7666,"40,00",39.958,39.9,40.1
2025-05-14,S0007,7666,"325,81",325.72,325.31,326.11
2025-05-14,S0007,7666,"275,00",274.655,274.4,275.6
2025-05-14,S0007,7666,"30,00",29.877,29.6,30.4
2025-05-14,S0007,7666,"79,97",79.81,79.77,80.17
2025-05-14,S0007,7666,"40,00",39.988,39.85,40.15
2025-05-14,S0007,7666,"175,00",174.908,174.75,175.25
2025-05-14,S0007,7666,"145,00",144.959,144.8,145.2
2025-05-14,S0007,7666,"4,00",3.962,3.95,4.05
2025-05-14,S0007,7666,"85,00",84.978,84.8,85.2
2025-05-14,S0007,7666,"95,00",95.121,94.75,95.25
2025-05-14,S0007,7666,"105,00",105.131,104.8,105.2
2025-05-15,S0008,4407,"275,00",274.984,274.8,275.1
2025-05-15,S0008,4407,"210,00",210.135,209.7,210.3
2025-05-15,S0008,4407,"320,00",320.059,319.8,320.3
2025-05-15,S0008,4407,"40,00",39.902,39.9,40.1
2025-05-15,S0008,4407,"325,81",325.889,325.31,326.11
2025-05-15,S0008,4407,"275,00",274.555,274.4,275.6
2025-05-15,S0008,4407,"30,00",29.992,29.6,30.4
2025-05-15,S0008,4407,"79,97",79.99,79.77,80.17
2025-05-15,S0008,4407,"40,00",39.941,39.85,40.15
2025-05-15,S0008,4407,"175,00",174.828,174.75,175.25
2025-05-15,S0008,4407,"145,00",144.986,144.8,145.2
2025-05-15,S0008,4407,"4,00",4.029,3.95,4.05
2025-05-15,S0008,4407,"85,00",85.171,84.8,85.2
2025-05-15,S0008,4407,"95,00",95.018,94.75,95.25
2025-05-15,S0008,4407,"105,00",105.153,104.8,105.2
2025-05-16,S0009,1258,"275,00",274.945,274.8,275.1
2025-05-16,S0009,1258,"210,00",209.81,209.7,210.3
2025-05-16,S0009,1258,"320,00",320.273,319.8,320.3
2025-05-16,S0009,1258,"40,00",39.97,39.9,40.1
2025-05-16,S0009,1258,"325,81",325.597,325.31,326.11
2025-05-16,S0009,1258,"275,00",275.019,274.4,275.6
2025-05-16,S0009,1258,"30,00",29.691,29.6,30.4
2025-05-16,S0009,1258,"79,97",79.787,79.77,80.17
2025-05-16,S0009,1258,"40,00",39.937,39.85,40.15
2025-05-16,S0009,1258,"175,00",175.024,174.75,175.25
2025-05-16,S0009,1258,"145,00",144.906,144.8,145.2
2025-05-16,S0009,1258,"4,00",4.013,3.95,4.05
2025-05-16,S0009,1258,"85,00",84.871,84.8,85.2
2025-05-16,S0009,1258,"95,00",95.216,94.75,95.25
2025-05-16,S0009,1258,"105,00",105.134,104.8,105.2
2025-05-17,S0010,1653,"275,00",274.9,274.8,275.1
2025-05-17,S0010,1653,"210,00",210.226,209.7,210.3
2025-05-17,S0010,1653,"320,00",320.287,319.8,320.3
2025-05-17,S0010,1653,"40,00",40.07,39.9,40.1
2025-05-17,S0010,1653,"325,81",325.619,325.31,326.11
2025-05-17,S0010,1653,"275,00",274.856,274.4,275.6
2025-05-17,S0010,1653,"30,00",29.975,29.6,30.4
2025-05-17,S0010,1653,"79,97",79.924,79.77,80.17
2025-05-17,S0010,1653,"40,00",39.99,39.85,40.15
2025-05-17,S0010,1653,"175,00",174.848,174.75,175.25
2025-05-17,S0010,1653,"145,00",145.184,144.8,145.2
2025-05-17,S0010,1653,"4,00",4.042,3.95,4.05
2025-05-17,S0010,1653,"85,00",85.154,84.8,85.2
2025-05-17,S0010,1653,"95,00",95.153,94.75,95.25
2025-05-17,S0010,1653,"105,00",105.14,104.8,105.2
2025-05-18,S0011,5344,"275,00",275.084,274.8,275.1
2025-05-18,S0011,5344,"210,00",210.25,209.7,210.3
2025-05-18,S0011,5344,"320,00",319.833,319.8,320.3
2025-05-18,S0011,5344,"40,00",39.965,39.9,40.1
2025-05-18,S0011,5344,"325,81",326.095,325.31,326.11
2025-05-18,S0011,5344,"275,00",275.545,274.4,275.6
2025-05-18,S0011,5344,"30,00",30.387,29.6,30.4
2025-05-18,S0011,5344,"79,97",79.857,79.77,80.17
2025-05-18,S0011,5344,"40,00",39.957,39.85,40.15
2025-05-18,S0011,5344,"175,00",174.939,174.75,175.25
2025-05-18,S0011,5344,"145,00",144.892,144.8,145.2
2025-05-18,S0011,5344,"4,00",3.984,3.95,4.05
2025-05-18,S0011,5344,"85,00",85.116,84.8,85.2
2025-05-18,S0011,5344,"95,00",94.869,94.75,95.25
2025-05-18,S0011,5344,"105,00",105.067,104.8,105.2
2025-05-19,S0012,9718,"275,00",275.002,274.8,275.1
2025-05-19,S0012,9718,"210,00",209.909,209.7,210.3
2025-05-19,S0012,9718,"320,00",319.853,319.8,320.3
2025-05-19,S0012,9718,"40,00",40.091,39.9,40.1
2025-05-19,S0012,9718,"325,81",325.983,325.31,326.11
2025-05-19,S0012,9718,"275,00",275.168,274.4,275.6
2025-05-19,S0012,9718,"30,00",30.353,29.6,30.4
2025-05-19,S0012,9718,"79,97",79.83,79.77,80.17
2025-05-19,S0012,9718,"40,00",40.048,39.85,40.15
2025-05-19,S0012,9718,"175,00",175.197,174.75,175.25
2025-05-19,S0012,9718,"145,00",144.946,144.8,145.2
2025-05-19,S0012,9718,"4,00",4.028,3.95,4.05
2025-05-19,S0012,9718,"85,00",84.907,84.8,85.2
2025-05-19,S0012,9718,"95,00",94.939,94.75,95.25
2025-05-19,S0012,9718,"105,00",105.116,104.8,105.2
2025-05-20,S0013,5771,"275,00",274.867,274.8,275.1
2025-05-20,S0013,5771,"210,00",209.825,209.7,210.3
2025-05-20,S0013,5771,"320,00",319.908,319.8,320.3
2025-05-20,S0013,5771,"40,00",40.052,39.9,40.1
2025-05-20,S0013,5771,"325,81",325.755,325.31,326.11
2025-05-20,S0013,5771,"275,00",274.891,274.4,275.6
2025-05-20,S0013,5771,"30,00",29.663,29.6,30.4
2025-05-20,S0013,5771,"79,97",80.084,79.77,80.17
2025-05-20,S0013,5771,"40,00",39.889,39.85,40.15
2025-05-20,S0013,5771,"175,00",174.764,174.75,175.25
2025-05-20,S0013,5771,"145,00",145.056,144.8,145.2
2025-05-20,S0013,5771,"4,00",4.05,3.95,4.05
2025-05-20,S0013,5771,"85,00",85.007,84.8,85.2
2025-05-20,S0013,5771,"95,00",95.008,94.75,95.25
2025-05-20,S0013,5771,"105,00",105.078,104.8,105.2
2025-05-21,S0014,4550,"275,00",274.859,274.8,275.1
2025-05-21,S0014,4550,"210,00",210.124,209.7,210.3
2025-05-21,S0014,4550,"320,00",320.155,319.8,320.3
2025-05-21,S0014,4550,"40,00",39.976,39.9,40.1
2025-05-21,S0014,4550,"325,81",325.728,325.31,326.11
2025-05-21,S0014,4550,"275,00",275.107,274.4,275.6
2025-05-21,S0014,4550,"30,00",29.981,29.6,30.4
2025-05-21,S0014,4550,"79,97",80.115,79.77,80.17
2025-05-21,S0014,4550,"40,00",39.868,39.85,40.15
2025-05-21,S0014,4550,"175,00",174.899,174.75,175.25
2025-05-21,S0014,4550,"145,00",144.848,144.8,145.2
2025-05-21,S0014,4550,"4,00",3.967,3.95,4.05
2025-05-21,S0014,4550,"85,00",85.106,84.8,85.2
2025-05-21,S0014,4550,"95,00",94.915,94.75,95.25
2025-05-21,S0014,4550,"105,00",104.992,104.8,105.2
2025-05-22,S0015,6593,"275,00",275.092,274.8,275.1
2025-05-22,S0015,6593,"210,00",209.722,209.7,210.3
2025-05-22,S0015,6593,"320,00",320.217,319.8,320.3
2025-05-22,S0015,6593,"40,00",39.987,39.9,40.1
2025-05-22,S0015,6593,"325,81",325.402,325.31,326.11
2025-05-22,S0015,6593,"275,00",275.466,274.4,275.6
2025-05-22,S0015,6593,"30,00",30.294,29.6,30.4
2025-05-22,S0015,6593,"79,97",79.879,79.77,80.17
2025-05-22,S0015,6593,"40,00",40.128,39.85,40.15
2025-05-22,S0015,6593,"175,00",174.903,174.75,175.25
2025-05-22,S0015,6593,"145,00",144.804,144.8,145.2
2025-05-22,S0015,6593,"4,00",3.976,3.95,4.05
2025-05-22,S0015,6593,"85,00",84.949,84.8,85.2
2025-05-22,S0015,6593,"95,00",95.088,94.75,95.25
2025-05-22,S0015,6593,"105,00",105.006,104.8,105.2
2025-05-23,S0016,6672,"275,00",274.881,274.8,275.1
2025-05-23,S0016,6672,"210,00",210.218,209.7,210.3
2025-05-23,S0016,6672,"320,00",320.291,319.8,320.3
2025-05-23,S0016,6672,"40,00",40.078,39.9,40.1
2025-05-23,S0016,6672,"325,81",325.597,325.31,326.11
2025-05-23,S0016,6672,"275,00",274.637,274.4,275.6
2025-05-23,S0016,6672,"30,00",30.289,29.6,30.4
2025-05-23,S0016,6672,"79,97",80.122,79.77,80.17
2025-05-23,S0016,6672,"40,00",39.942,39.85,40.15
2025-05-23,S0016,6672,"175,00",175.186,174.75,175.25
2025-05-23,S0016,6672,"145,00",145.147,144.8,145.2
2025-05-23,S0016,6672,"4,00",3.98,3.95,4.05
2025-05-23,S0016,6672,"85,00",84.964,84.8,85.2
2025-05-23,S0016,6672,"95,00",95.208,94.75,95.25
2025-05-23,S0016,6672,"105,00",105.091,104.8,105.2
2025-05-24,S0017,9882,"275,00",275.059,274.8,275.1
2025-05-24,S0017,9882,"210,00",210.115,209.7,210.3
2025-05-24,S0017,9882,"320,00",320.193,319.8,320.3
2025-05-24,S0017,9882,"40,00",40.075,39.9,40.1
2025-05-24,S0017,9882,"325,81",325.879,325.31,326.11
2025-05-24,S0017,9882,"275,00",274.443,274.4,275.6
2025-05-24,S0017,9882,"30,00",29.85,29.6,30.4
2025-05-24,S0017,9882,"79,97",79.899,79.77,80.17
2025-05-24,S0017,9882,"40,00",39.986,39.85,40.15
2025-05-24,S0017,9882,"175,00",174.944,174.75,175.25
2025-05-24,S0017,9882,"145,00",145.112,144.8,145.2
2025-05-24,S0017,9882,"4,00",3.996,3.95,4.05
2025-05-24,S0017,9882,"85,00",84.996,84.8,85.2
2025-05-24,S0017,9882,"95,00",94.907,94.75,95.25
2025-05-24,S0017,9882,"105,00",105.021,104.8,105.2
2025-05-25,S0018,7704,"275,00",274.968,274.8,275.1
2025-05-25,S0018,7704,"210,00",210.11,209.7,210.3
2025-05-25,S0018,7704,"320,00",319.946,319.8,320.3
2025-05-25,S0018,7704,"40,00",40.066,39.9,40.1
2025-05-25,S0018,7704,"325,81",325.66,325.31,326.11
2025-05-25,S0018,7704,"275,00",275.313,274.4,275.6
2025-05-25,S0018,7704,"30,00",30.352,29.6,30.4
2025-05-25,S0018,7704,"79,97",80.039,79.77,80.17
2025-05-25,S0018,7704,"40,00",40.084,39.85,40.15
2025-05-25,S0018,7704,"175,00",174.801,174.75,175.25
2025-05-25,S0018,7704,"145,00",144.84,144.8,145.2
2025-05-25,S0018,7704,"4,00",3.966,3.95,4.05
2025-05-25,S0018,7704,"85,00",85.005,84.8,85.2
2025-05-25,S0018,7704,"95,00",95.094,94.75,95.25
2025-05-25,S0018,7704,"105,00",105.092,104.8,105.2
2025-05-26,S0019,9959,"275,00",275.065,274.8,275.1
2025-05-26,S0019,9959,"210,00",210.232,209.7,210.3
2025-05-26,S0019,9959,"320,00",319.809,319.8,320.3
2025-05-26,S0019,9959,"40,00",40.041,39.9,40.1
2025-05-26,S0019,9959,"325,81",325.458,325.31,326.11
2025-05-26,S0019,9959,"275,00",275.101,274.4,275.6
2025-05-26,S0019,9959,"30,00",30.343,29.6,30.4
2025-05-26,S0019,9959,"79,97",79.893,79.77,80.17
2025-05-26,S0019,9959,"40,00",39.875,39.85,40.15
2025-05-26,S0019,9959,"175,00",175.147,174.75,175.25
2025-05-26,S0019,9959,"145,00",145.129,144.8,145.2
2025-05-26,S0019,9959,"4,00",3.999,3.95,4.05
2025-05-26,S0019,9959,"85,00",85.007,84.8,85.2
2025-05-26,S0019,9959,"95,00",94.94,94.75,95.25
2025-05-26,S0019,9959,"105,00",105.008,104.8,105.2
2025-05-27,S0020,4332,"275,00",274.975,274.8,275.1
2025-05-27,S0020,4332,"210,00",210.017,209.7,210.3
2025-05-27,S0020,4332,"320,00",320.192,319.8,320.3
2025-05-27,S0020,4332,"40,00",40.05,39.9,40.1
2025-05-27,S0020,4332,"325,81",325.386,325.31,326.11
2025-05-27,S0020,4332,"275,00",275.186,274.4,275.6
2025-05-27,S0020,4332,"30,00",30.372,29.6,30.4
2025-05-27,S0020,4332,"79,97",79.971,79.77,80.17
2025-05-27,S0020,4332,"40,00",40.061,39.85,40.15
2025-05-27,S0020,4332,"175,00",175.147,174.75,175.25
2025-05-27,S0020,4332,"145,00",144.816,144.8,145.2
2025-05-27,S0020,4332,"4,00",4.002,3.95,4.05
2025-05-27,S0020,4332,"85,00",84.866,84.8,85.2
2025-05-27,S0020,4332,"95,00",94.801,94.75,95.25
2025-05-27,S0020,4332,"105,00",104.846,104.8,105.2
2025-05-28,S0021,5608,"275,00",274.821,274.8,275.1
2025-05-28,S0021,5608,"210,00",209.852,209.7,210.3
2025-05-28,S0021,5608,"320,00",319.976,319.8,320.3
2025-05-28,S0021,5608,"40,00",40.024,39.9,40.1
2025-05-28,S0021,5608,"325,81",325.951,325.31,326.11
2025-05-28,S0021,5608,"275,00",275.254,274.4,275.6
2025-05-28,S0021,5608,"30,00",29.796,29.6,30.4
2025-05-28,S0021,5608,"79,97",80.164,79.77,80.17
2025-05-28,S0021,5608,"40,00",40.045,39.85,40.15
2025-05-28,S0021,5608,"175,00",175.057,174.75,175.25
2025-05-28,S0021,5608,"145,00",145.133,144.8,145.2
2025-05-28,S0021,5608,"4,00",4.043,3.95,4.05
2025-05-28,S0021,5608,"85,00",85.031,84.8,85.2
2025-05-28,S0021,5608,"95,00",95.183,94.75,95.25
2025-05-28,S0021,5608,"105,00",105.08,104.8,105.2
2025-05-29,S0022,6210,"275,00",275.079,274.8,275.1
2025-05-29,S0022,6210,"210,00",209.795,209.7,210.3
2025-05-29,S0022,6210,"320,00",320.265,319.8,320.3
2025-05-29,S0022,6210,"40,00",39.941,39.9,40.1
2025-05-29,S0022,6210,"325,81",325.514,325.31,326.11
2025-05-29,S0022,6210,"275,00",274.929,274.4,275.6
2025-05-29,S0022,6210,"30,00",30.242,29.6,30.4
2025-05-29,S0022,6210,"79,97",79.944,79.77,80.17
2025-05-29,S0022,6210,"40,00",39.996,39.85,40.15
2025-05-29,S0022,6210,"175,00",175.234,174.75,175.25
2025-05-29,S0022,6210,"145,00",145.036,144.8,145.2
2025-05-29,S0022,6210,"4,00",4.038,3.95,4.05
2025-05-29,S0022,6210,"85,00",85.066,84.8,85.2
2025-05-29,S0022,6210,"95,00",95.039,94.75,95.25
2025-05-29,S0022,6210,"105,00",105.011,104.8,105.2
2025-05-30,S0023,2812,"275,00",274.836,274.8,275.1
2025-05-30,S0023,2812,"210,00",210.077,209.7,210.3
2025-05-30,S0023,2812,"320,00",319.831,319.8,320.3
2025-05-30,S0023,2812,"40,00",40.022,39.9,40.1
2025-05-30,S0023,2812,"325,81",325.494,325.31,326.11
2025-05-30,S0023,2812,"275,00",275.085,274.4,275.6
2025-05-30,S0023,2812,"30,00",30.342,29.6,30.4
2025-05-30,S0023,2812,"79,97",79.987,79.77,80.17
2025-05-30,S0023,2812,"40,00",39.88,39.85,40.15
2025-05-30,S0023,2812,"175,00",175.064,174.75,175.25
2025-05-30,S0023,2812,"145,00",145.032,144.8,145.2
2025-05-30,S0023,2812,"4,00",3.995,3.95,4.05
2025-05-30,S0023,2812,"85,00",85.185,84.8,85.2
2025-05-30,S0023,2812,"95,00",95.08,94.75,95.25
2025-05-30,S0023,2812,"105,00",105.098,104.8,105.2
2025-05-31,S0024,6766,"275,00",274.871,274.8,275.1
2025-05-31,S0024,6766,"210,00",210.129,209.7,210.3
2025-05-31,S0024,6766,"320,00",319.972,319.8,320.3
2025-05-31,S0024,6766,"40,00",40.095,39.9,40.1
2025-05-31,S0024,6766,"325,81",325.342,325.31,326.11
2025-05-31,S0024,6766,"275,00",274.539,274.4,275.6
2025-05-31,S0024,6766,"30,00",30.136,29.6,30.4
2025-05-31,S0024,6766,"79,97",79.974,79.77,80.17
2025-05-31,S0024,6766,"40,00",40.083,39.85,40.15
2025-05-31,S0024,6766,"175,00",175.059,174.75,175.25
2025-05-31,S0024,6766,"145,00",145.173,144.8,145.2
2025-05-31,S0024,6766,"4,00",4.003,3.95,4.05
2025-05-31,S0024,6766,"85,00",84.842,84.8,85.2
2025-05-31,S0024,6766,"95,00",94.967,94.75,95.25
2025-05-31,S0024,6766,"105,00",104.882,104.8,105.2
2025-06-01,S0025,7916,"275,00",275.018,274.8,275.1
2025-06-01,S0025,7916,"210,00",210.186,209.7,210.3
2025-06-01,S0025,7916,"320,00",319.931,319.8,320.3
2025-06-01,S0025,7916,"40,00",39.951,39.9,40.1
2025-06-01,S0025,7916,"325,81",325.991,325.31,326.11
2025-06-01,S0025,7916,"275,00",275.528,274.4,275.6
2025-06-01,S0025,7916,"30,00",29.922,29.6,30.4
2025-06-01,S0025,7916,"79,97",79.775,79.77,80.17
2025-06-01,S0025,7916,"40,00",39.952,39.85,40.15
2025-06-01,S0025,7916,"175,00",174.783,174.75,175.25
2025-06-01,S0025,7916,"145,00",144.805,144.8,145.2
2025-06-01,S0025,7916,"4,00",3.954,3.95,4.05
2025-06-01,S0025,7916,"85,00",85.02,84.8,85.2
2025-06-01,S0025,7916,"95,00",95.139,94.75,95.25
2025-06-01,S0025,7916,"105,00",104.832,104.8,105.2
2025-06-02,S0026,5506,"275,00",274.969,274.8,275.1
2025-06-02,S0026,5506,"210,00",209.967,209.7,210.3
2025-06-02,S0026,5506,"320,00",319.829,319.8,320.3
2025-06-02,S0026,5506,"40,00",40.081,39.9,40.1
2025-06-02,S0026,5506,"325,81",325.89,325.31,326.11
2025-06-02,S0026,5506,"275,00",274.686,274.4,275.6
2025-06-02,S0026,5506,"30,00",30.259,29.6,30.4
2025-06-02,S0026,5506,"79,97",79.883,79.77,80.17
2025-06-02,S0026,5506,"40,00",40.076,39.85,40.15
2025-06-02,S0026,5506,"175,00",174.805,174.75,175.25
2025-06-02,S0026,5506,"145,00",144.829,144.8,145.2
2025-06-02,S0026,5506,"4,00",3.955,3.95,4.05
2025-06-02,S0026,5506,"85,00",84.802,84.8,85.2
2025-06-02,S0026,5506,"95,00",95.047,94.75,95.25
2025-06-02,S0026,5506,"105,00",104.932,104.8,105.2
2025-06-03,S0027,6133,"275,00",274.926,274.8,275.1
2025-06-03,S0027,6133,"210,00",209.978,209.7,210.3
2025-06-03,S0027,6133,"320,00",319.974,319.8,320.3
2025-06-03,S0027,6133,"40,00",39.924,39.9,40.1
2025-06-03,S0027,6133,"325,81",326.039,325.31,326.11
2025-06-03,S0027,6133,"275,00",274.789,274.4,275.6
2025-06-03,S0027,6133,"30,00",29.673,29.6,30.4
2025-06-03,S0027,6133,"79,97",80.032,79.77,80.17
2025-06-03,S0027,6133,"40,00",40.009,39.85,40.15
2025-06-03,S0027,6133,"175,00",175.097,174.75,175.25
2025-06-03,S0027,6133,"145,00",144.99,144.8,145.2
2025-06-03,S0027,6133,"4,00",3.992,3.95,4.05
2025-06-03,S0027,6133,"85,00",84.884,84.8,85.2
2025-06-03,S0027,6133,"95,00",95.096,94.75,95.25
2025-06-03,S0027,6133,"105,00",104.918,104.8,105.2
2025-06-04,S0028,7648,"275,00",274.846,274.8,275.1
2025-06-04,S0028,7648,"210,00",209.77,209.7,210.3
2025-06-04,S0028,7648,"320,00",320.288,319.8,320.3
2025-06-04,S0028,7648,"40,00",40.002,39.9,40.1
2025-06-04,S0028,7648,"325,81",325.903,325.31,326.11
2025-06-04,S0028,7648,"275,00",274.749,274.4,275.6
2025-06-04,S0028,7648,"30,00",29.917,29.6,30.4
2025-06-04,S0028,7648,"79,97",80.02,79.77,80.17
2025-06-04,S0028,7648,"40,00",40.101,39.85,40.15
2025-06-04,S0028,7648,"175,00",175.011,174.75,175.25
2025-06-04,S0028,7648,"145,00",145.182,144.8,145.2
2025-06-04,S0028,7648,"4,00",3.959,3.95,4.05
2025-06-04,S0028,7648,"85,00",85.048,84.8,85.2
2025-06-04,S0028,7648,"95,00",95.21,94.75,95.25
2025-06-04,S0028,7648,"105,00",105.005,104.8,105.2
2025-06-05,S0029,6606,"275,00",274.952,274.8,275.1
2025-06-05,S0029,6606,"210,00",209.819,209.7,210.3
2025-06-05,S0029,6606,"320,00",320.014,319.8,320.3
2025-06-05,S0029,6606,"40,00",39.905,39.9,40.1
2025-06-05,S0029,6606,"325,81",325.89,325.31,326.11
2025-06-05,S0029,6606,"275,00",275.444,274.4,275.6
2025-06-05,S0029,6606,"30,00",29.83,29.6,30.4
2025-06-05,S0029,6606,"79,97",79.957,79.77,80.17
2025-06-05,S0029,6606,"40,00",40.008,39.85,40.15
2025-06-05,S0029,6606,"175,00",175.118,174.75,175.25
2025-06-05,S0029,6606,"145,00",145.18,144.8,145.2
2025-06-05,S0029,6606,"4,00",4.025,3.95,4.05
2025-06-05,S0029,6606,"85,00",85.176,84.8,85.2
2025-06-05,S0029,6606,"95,00",94.919,94.75,95.25
2025-06-05,S0029,6606,"105,00",104.873,104.8,105.2
2025-06-06,S0030,3992,"275,00",274.978,274.8,275.1
2025-06-06,S0030,3992,"210,00",209.957,209.7,210.3
2025-06-06,S0030,3992,"320,00",320.269,319.8,320.3
2025-06-06,S0030,3992,"40,00",40.088,39.9,40.1
2025-06-06,S0030,3992,"325,81",325.95,325.31,326.11
2025-06-06,S0030,3992,"275,00",275.249,274.4,275.6
2025-06-06,S0030,3992,"30,00",30.207,29.6,30.4
2025-06-06,S0030,3992,"79,97",79.991,79.77,80.17
2025-06-06,S0030,3992,"40,00",40.138,39.85,40.15
2025-06-06,S0030,3992,"175,00",174.843,174.75,175.25
2025-06-06,S0030,3992,"145,00",145.053,144.8,145.2
2025-06-06,S0030,3992,"4,00",3.965,3.95,4.05
2025-06-06,S0030,3992,"85,00",84.858,84.8,85.2
2025-06-06,S0030,3992,"95,00",95.116,94.75,95.25
2025-06-06,S0030,3992,"105,00",105.084,104.8,105.2
2025-06-07,S0031,7809,"275,00",274.864,274.8,275.1
2025-06-07,S0031,7809,"210,00",210.131,209.7,210.3
2025-06-07,S0031,7809,"320,00",320.202,319.8,320.3
2025-06-07,S0031,7809,"40,00",39.933,39.9,40.1
2025-06-07,S0031,7809,"325,81",326.037,325.31,326.11
2025-06-07,S0031,7809,"275,00",274.793,274.4,275.6
2025-06-07,S0031,7809,"30,00",29.89,29.6,30.4
2025-06-07,S0031,7809,"79,97",79.998,79.77,80.17
2025-06-07,S0031,7809,"40,00",39.957,39.85,40.15
2025-06-07,S0031,7809,"175,00",174.78,174.75,175.25
2025-06-07,S0031,7809,"145,00",145.083,144.8,145.2
2025-06-07,S0031,7809,"4,00",4.007,3.95,4.05
2025-06-07,S0031,7809,"85,00",85.036,84.8,85.2
2025-06-07,S0031,7809,"95,00",94.965,94.75,95.25
2025-06-07,S0031,7809,"105,00",105.021,104.8,105.2
2025-06-08,S0032,1396,"275,00",275.034,274.8,275.1
2025-06-08,S0032,1396,"210,00",209.998,209.7,210.3
2025-06-08,S0032,1396,"320,00",320.026,319.8,320.3
2025-06-08,S0032,1396,"40,00",40.001,39.9,40.1
2025-06-08,S0032,1396,"325,81",325.568,325.31,326.11
2025-06-08,S0032,1396,"275,00",275.148,274.4,275.6
2025-06-08,S0032,1396,"30,00",29.931,29.6,30.4
2025-06-08,S0032,1396,"79,97",80.121,79.77,80.17
2025-06-08,S0032,1396,"40,00",39.852,39.85,40.15
2025-06-08,S0032,1396,"175,00",174.782,174.75,175.25
2025-06-08,S0032,1396,"145,00",145.029,144.8,145.2
2025-06-08,S0032,1396,"4,00",3.992,3.95,4.05
2025-06-08,S0032,1396,"85,00",84.918,84.8,85.2
2025-06-08,S0032,1396,"95,00",94.945,94.75,95.25
2025-06-08,S0032,1396,"105,00",104.939,104.8,105.2
2025-06-09,S0033,6962,"275,00",274.943,274.8,275.1
2025-06-09,S0033,6962,"210,00",210.197,209.7,210.3
2025-06-09,S0033,6962,"320,00",319.861,319.8,320.3
2025-06-09,S0033,6962,"40,00",40.057,39.9,40.1
2025-06-09,S0033,6962,"325,81",325.52,325.31,326.11
2025-06-09,S0033,6962,"275,00",274.81,274.4,275.6
2025-06-09,S0033,6962,"30,00",30.065,29.6,30.4
2025-06-09,S0033,6962,"79,97",79.848,79.77,80.17
2025-06-09,S0033,6962,"40,00",39.964,39.85,40.15
2025-06-09,S0033,6962,"175,00",174.933,174.75,175.25
2025-06-09,S0033,6962,"145,00",145.03,144.8,145.2
2025-06-09,S0033,6962,"4,00",4.001,3.95,4.05
2025-06-09,S0033,6962,"85,00",85.092,84.8,85.2
2025-06-09,S0033,6962,"95,00",94.926,94.75,95.25
2025-06-09,S0033,6962,"105,00",105.077,104.8,105.2
2025-06-10,S0034,5596,"275,00",275.08,274.8,275.1
2025-06-10,S0034,5596,"210,00",210.144,209.7,210.3
2025-06-10,S0034,5596,"320,00",319.869,319.8,320.3
2025-06-10,S0034,5596,"40,00",40.008,39.9,40.1
2025-06-10,S0034,5596,"325,81",325.93,325.31,326.11
2025-06-10,S0034,5596,"275,00",275.091,274.4,275.6
2025-06-10,S0034,5596,"30,00",30.324,29.6,30.4
2025-06-10,S0034,5596,"79,97",79.857,79.77,80.17
2025-06-10,S0034,5596,"40,00",39.961,39.85,40.15
2025-06-10,S0034,5596,"175,00",174.812,174.75,175.25
2025-06-10,S0034,5596,"145,00",145.182,144.8,145.2
2025-06-10,S0034,5596,"4,00",3.976,3.95,4.05
2025-06-10,S0034,5596,"85,00",84.977,84.8,85.2
2025-06-10,S0034,5596,"95,00",95.199,94.75,95.25
2025-06-10,S0034,5596,"105,00",105.0,104.8,105.2
2025-06-11,S0035,1065,"275,00",274.848,274.8,275.1
2025-06-11,S0035,1065,"210,00",209.719,209.7,210.3
2025-06-11,S0035,1065,"320,00",320.233,319.8,320.3
2025-06-11,S0035,1065,"40,00",40.017,39.9,40.1
2025-06-11,S0035,1065,"325,81",325.459,325.31,326.11
2025-06-11,S0035,1065,"275,00",274.6,274.4,275.6
2025-06-11,S0035,1065,"30,00",29.704,29.6,30.4
2025-06-11,S0035,1065,"79,97",79.865,79.77,80.17
2025-06-11,S0035,1065,"40,00",40.112,39.85,40.15
2025-06-11,S0035,1065,"175,00",175.16,174.75,175.25
2025-06-11,S0035,1065,"145,00",144.997,144.8,145.2
2025-06-11,S0035,1065,"4,00",3.999,3.95,4.05
2025-06-11,S0035,1065,"85,00",85.193,84.8,85.2
2025-06-11,S0035,1065,"95,00",95.177,94.75,95.25
2025-06-11,S0035,1065,"105,00",105.189,104.8,105.2
2025-06-12,S0036,6921,"275,00",274.83,274.8,275.1
2025-06-12,S0036,6921,"210,00",209.946,209.7,210.3
2025-06-12,S0036,6921,"320,00",320.018,319.8,320.3
2025-06-12,S0036,6921,"40,00",40.005,39.9,40.1
2025-06-12,S0036,6921,"325,81",325.54,325.31,326.11
2025-06-12,S0036,6921,"275,00",274.594,274.4,275.6
2025-06-12,S0036,6921,"30,00",29.964,29.6,30.4
2025-06-12,S0036,6921,"79,97",79.872,79.77,80.17
2025-06-12,S0036,6921,"40,00",39.972,39.85,40.15
2025-06-12,S0036,6921,"175,00",174.989,174.75,175.25
2025-06-12,S0036,6921,"145,00",145.068,144.8,145.2
2025-06-12,S0036,6921,"4,00",4.01,3.95,4.05
2025-06-12,S0036,6921,"85,00",84.962,84.8,85.2
2025-06-12,S0036,6921,"95,00",94.829,94.75,95.25
2025-06-12,S0036,6921,"105,00",105.102,104.8,105.2
2025-06-13,S0037,8220,"275,00",274.889,274.8,275.1
2025-06-13,S0037,8220,"210,00",210.211,209.7,210.3
2025-06-13,S0037,8220,"320,00",319.912,319.8,320.3
2025-06-13,S0037,8220,"40,00",40.036,39.9,40.1
2025-06-13,S0037,8220,"325,81",325.808,325.31,326.11
2025-06-13,S0037,8220,"275,00",274.789,274.4,275.6
2025-06-13,S0037,8220,"30,00",29.96,29.6,30.4
2025-06-13,S0037,8220,"79,97",79.822,79.77,80.17
2025-06-13,S0037,8220,"40,00",40.083,39.85,40.15
2025-06-13,S0037,8220,"175,00",174.773,174.75,175.25
2025-06-13,S0037,8220,"145,00",144.916,144.8,145.2
2025-06-13,S0037,8220,"4,00",4.01,3.95,4.05
2025-06-13,S0037,8220,"85,00",84.996,84.8,85.2
2025-06-13,S0037,8220,"95,00",95.086,94.75,95.25
2025-06-13,S0037,8220,"105,00",105.048,104.8,105.2
2025-06-14,S0038,7581,"275,00",274.975,274.8,275.1
2025-06-14,S0038,7581,"210,00",210.12,209.7,210.3
2025-06-14,S0038,7581,"320,00",319.812,319.8,320.3
2025-06-14,S0038,7581,"40,00",39.908,39.9,40.1
2025-06-14,S0038,7581,"325,81",325.916,325.31,326.11
2025-06-14,S0038,7581,"275,00",274.769,274.4,275.6
2025-06-14,S0038,7581,"30,00",29.979,29.6,30.4
2025-06-14,S0038,7581,"79,97",80.065,79.77,80.17
2025-06-14,S0038,7581,"40,00",40.045,39.85,40.15
2025-06-14,S0038,7581,"175,00",175.022,174.75,175.25
2025-06-14,S0038,7581,"145,00",144.874,144.8,145.2
2025-06-14,S0038,7581,"4,00",4.026,3.95,4.05
2025-06-14,S0038,7581,"85,00",84.906,84.8,85.2
2025-06-14,S0038,7581,"95,00",94.947,94.75,95.25
2025-06-14,S0038,7581,"105,00",104.992,104.8,105.2
2025-06-15,S0039,2876,"275,00",274.827,274.8,275.1
2025-06-15,S0039,2876,"210,00",209.849,209.7,210.3
2025-06-15,S0039,2876,"320,00",320.2,319.8,320.3
2025-06-15,S0039,2876,"40,00",40.024,39.9,40.1
2025-06-15,S0039,2876,"325,81",325.725,325.31,326.11
2025-06-15,S0039,2876,"275,00",274.967,274.4,275.6
2025-06-15,S0039,2876,"30,00",29.799,29.6,30.4
2025-06-15,S0039,2876,"79,97",79.921,79.77,80.17
2025-06-15,S0039,2876,"40,00",39.892,39.85,40.15
2025-06-15,S0039,2876,"175,00",174.903,174.75,175.25
2025-06-15,S0039,2876,"145,00",144.87,144.8,145.2
2025-06-15,S0039,2876,"4,00",3.97,3.95,4.05
2025-06-15,S0039,2876,"85,00",84.895,84.8,85.2
2025-06-15,S0039,2876,"95,00",95.029,94.75,95.25
2025-06-15,S0039,2876,"105,00",105.12,104.8,105.2
2025-06-16,S0040,6337,"275,00",274.953,274.8,275.1
2025-06-16,S0040,6337,"210,00",209.788,209.7,210.3
2025-06-16,S0040,6337,"320,00",320.049,319.8,320.3
2025-06-16,S0040,6337,"40,00",39.904,39.9,40.1
2025-06-16,S0040,6337,"325,81",325.583,325.31,326.11
2025-06-16,S0040,6337,"275,00",275.059,274.4,275.6
2025-06-16,S0040,6337,"30,00",30.296,29.6,30.4
2025-06-16,S0040,6337,"79,97",80.025,79.77,80.17
2025-06-16,S0040,6337,"40,00",40.018,39.85,40.15
2025-06-16,S0040,6337,"175,00",175.159,174.75,175.25
2025-06-16,S0040,6337,"145,00",144.961,144.8,145.2
2025-06-16,S0040,6337,"4,00",3.953,3.95,4.05
2025-06-16,S0040,6337,"85,00",85.016,84.8,85.2
2025-06-16,S0040,6337,"95,00",95.11,94.75,95.25
2025-06-16,S0040,6337,"105,00",104.901,104.8,105.2
2025-06-17,S0041,7934,"275,00",274.871,274.8,275.1
2025-06-17,S0041,7934,"210,00",210.252,209.7,210.3
2025-06-17,S0041,7934,"320,00",320.088,319.8,320.3
2025-06-17,S0041,7934,"40,00",40.094,39.9,40.1
2025-06-17,S0041,7934,"325,81",325.766,325.31,326.11
2025-06-17,S0041,7934,"275,00",274.735,274.4,275.6
2025-06-17,S0041,7934,"30,00",30.266,29.6,30.4
2025-06-17,S0041,7934,"79,97",80.166,79.77,80.17
2025-06-17,S0041,7934,"40,00",40.082,39.85,40.15
2025-06-17,S0041,7934,"175,00",175.212,174.75,175.25
2025-06-17,S0041,7934,"145,00",145.08,144.8,145.2
2025-06-17,S0041,7934,"4,00",3.983,3.95,4.05
2025-06-17,S0041,7934,"85,00",85.049,84.8,85.2
2025-06-17,S0041,7934,"95,00",94.833,94.75,95.25
2025-06-17,S0041,7934,"105,00",104.832,104.8,105.2
2025-06-18,S0042,5524,"275,00",275.057,274.8,275.1
2025-06-18,S0042,5524,"210,00",209.788,209.7,210.3
2025-06-18,S0042,5524,"320,00",319.956,319.8,320.3
2025-06-18,S0042,5524,"40,00",39.968,39.9,40.1
2025-06-18,S0042,5524,"325,81",326.062,325.31,326.11
2025-06-18,S0042,5524,"275,00",275.217,274.4,275.6
2025-06-18,S0042,5524,"30,00",29.893,29.6,30.4
2025-06-18,S0042,5524,"79,97",80.166,79.77,80.17
2025-06-18,S0042,5524,"40,00",40.132,39.85,40.15
2025-06-18,S0042,5524,"175,00",174.878,174.75,175.25
2025-06-18,S0042,5524,"145,00",144.988,144.8,145.2
2025-06-18,S0042,5524,"4,00",3.976,3.95,4.05
2025-06-18,S0042,5524,"85,00",85.024,84.8,85.2
2025-06-18,S0042,5524,"95,00",95.236,94.75,95.25
2025-06-18,S0042,5524,"105,00",105.06,104.8,105.2
2025-06-19,S0043,2166,"275,00",274.824,274.8,275.1
2025-06-19,S0043,2166,"210,00",209.892,209.7,210.3
2025-06-19,S0043,2166,"320,00",319.814,319.8,320.3
2025-06-19,S0043,2166,"40,00",40.086,39.9,40.1
2025-06-19,S0043,2166,"325,81",325.992,325.31,326.11
2025-06-19,S0043,2166,"275,00",274.518,274.4,275.6
2025-06-19,S0043,2166,"30,00",30.204,29.6,30.4
2025-06-19,S0043,2166,"79,97",79.922,79.77,80.17
2025-06-19,S0043,2166,"40,00",40.005,39.85,40.15
2025-06-19,S0043,2166,"175,00",175.2,174.75,175.25
2025-06-19,S0043,2166,"145,00",144.883,144.8,145.2
2025-06-19,S0043,2166,"4,00",3.972,3.95,4.05
2025-06-19,S0043,2166,"85,00",84.905,84.8,85.2
2025-06-19,S0043,2166,"95,00",95.096,94.75,95.25
2025-06-19,S0043,2166,"105,00",104.975,104.8,105.2
2025-06-20,S0044,2840,"275,00",275.094,274.8,275.1
2025-06-20,S0044,2840,"210,00",209.82,209.7,210.3
2025-06-20,S0044,2840,"320,00",319.837,319.8,320.3
2025-06-20,S0044,2840,"40,00",40.067,39.9,40.1
2025-06-20,S0044,2840,"325,81",325.561,325.31,326.11
2025-06-20,S0044,2840,"275,00",274.799,274.4,275.6
2025-06-20,S0044,2840,"30,00",29.977,29.6,30.4
2025-06-20,S0044,2840,"79,97",80.0,79.77,80.17
2025-06-20,S0044,2840,"40,00",40.078,39.85,40.15
2025-06-20,S0044,2840,"175,00",175.091,174.75,175.25
2025-06-20,S0044,2840,"145,00",144.972,144.8,145.2
2025-06-20,S0044,2840,"4,00",3.993,3.95,4.05
2025-06-20,S0044,2840,"85,00",85.164,84.8,85.2
2025-06-20,S0044,2840,"95,00",94.953,94.75,95.25
2025-06-20,S0044,2840,"105,00",105.075,104.8,105.2
2025-06-21,S0045,4914,"275,00",274.914,274.8,275.1
2025-06-21,S0045,4914,"210,00",209.823,209.7,210.3
2025-06-21,S0045,4914,"320,00",320.174,319.8,320.3
2025-06-21,S0045,4914,"40,00",39.932,39.9,40.1
2025-06-21,S0045,4914,"325,81",326.074,325.31,326.11
2025-06-21,S0045,4914,"275,00",274.951,274.4,275.6
2025-06-21,S0045,4914,"30,00",29.958,29.6,30.4
2025-06-21,S0045,4914,"79,97",80.075,79.77,80.17
2025-06-21,S0045,4914,"40,00",40.01,39.85,40.15
2025-06-21,S0045,4914,"175,00",175.092,174.75,175.25
2025-06-21,S0045,4914,"145,00",145.177,144.8,145.2
2025-06-21,S0045,4914,"4,00",3.963,3.95,4.05
2025-06-21,S0045,4914,"85,00",85.112,84.8,85.2
2025-06-21,S0045,4914,"95,00",95.246,94.75,95.25
2025-06-21,S0045,4914,"105,00",104.841,104.8,105.2
2025-06-22,S0046,8278,"275,00",274.93,274.8,275.1
2025-06-22,S0046,8278,"210,00",210.018,209.7,210.3
2025-06-22,S0046,8278,"320,00",320.252,319.8,320.3
2025-06-22,S0046,8278,"40,00",40.013,39.9,40.1
2025-06-22,S0046,8278,"325,81",325.904,325.31,326.11
2025-06-22,S0046,8278,"275,00",274.889,274.4,275.6
2025-06-22,S0046,8278,"30,00",30.187,29.6,30.4
2025-06-22,S0046,8278,"79,97",79.868,79.77,80.17
2025-06-22,S0046,8278,"40,00",39.921,39.85,40.15
2025-06-22,S0046,8278,"175,00",174.846,174.75,175.25
2025-06-22,S0046,8278,"145,00",144.906,144.8,145.2
2025-06-22,S0046,8278,"4,00",4.047,3.95,4.05
2025-06-22,S0046,8278,"85,00",84.865,84.8,85.2
2025-06-22,S0046,8278,"95,00",94.968,94.75,95.25
2025-06-22,S0046,8278,"105,00",105.183,104.8,105.2
2025-06-23,S0047,9691,"275,00",275.028,274.8,275.1
2025-06-23,S0047,9691,"210,00",210.006,209.7,210.3
2025-06-23,S0047,9691,"320,00",320.196,319.8,320.3
2025-06-23,S0047,9691,"40,00",39.972,39.9,40.1
2025-06-23,S0047,9691,"325,81",325.417,325.31,326.11
2025-06-23,S0047,9691,"275,00",274.859,274.4,275.6
2025-06-23,S0047,9691,"30,00",30.005,29.6,30.4
2025-06-23,S0047,9691,"79,97",79.901,79.77,80.17
2025-06-23,S0047,9691,"40,00",40.079,39.85,40.15
2025-06-23,S0047,9691,"175,00",175.195,174.75,175.25
2025-06-23,S0047,9691,"145,00",144.844,144.8,145.2
2025-06-23,S0047,9691,"4,00",3.997,3.95,4.05
2025-06-23,S0047,9691,"85,00",85.128,84.8,85.2
2025-06-23,S0047,9691,"95,00",94.911,94.75,95.25
2025-06-23,S0047,9691,"105,00",105.023,104.8,105.2
2025-06-24,S0048,7996,"275,00",274.814,274.8,275.1
2025-06-24,S0048,7996,"210,00",209.931,209.7,210.3
2025-06-24,S0048,7996,"320,00",320.014,319.8,320.3
2025-06-24,S0048,7996,"40,00",40.014,39.9,40.1
2025-06-24,S0048,7996,"325,81",325.427,325.31,326.11
2025-06-24,S0048,7996,"275,00",274.901,274.4,275.6
2025-06-24,S0048,7996,"30,00",30.287,29.6,30.4
2025-06-24,S0048,7996,"79,97",79.824,79.77,80.17
2025-06-24,S0048,7996,"40,00",39.949,39.85,40.15
2025-06-24,S0048,7996,"175,00",175.228,174.75,175.25
2025-06-24,S0048,7996,"145,00",145.138,144.8,145.2
2025-06-24,S0048,7996,"4,00",3.953,3.95,4.05
2025-06-24,S0048,7996,"85,00",84.921,84.8,85.2
2025-06-24,S0048,7996,"95,00",95.243,94.75,95.25
2025-06-24,S0048,7996,"105,00",105.001,104.8,105.2
2025-06-25,S0049,9343,"275,00",274.988,274.8,275.1
2025-06-25,S0049,9343,"210,00",210.076,209.7,210.3
2025-06-25,S0049,9343,"320,00",320.276,319.8,320.3
2025-06-25,S0049,9343,"40,00",40.074,39.9,40.1
2025-06-25,S0049,9343,"325,81",325.88,325.31,326.11
2025-06-25,S0049,9343,"275,00",275.408,274.4,275.6
2025-06-25,S0049,9343,"30,00",29.796,29.6,30.4
2025-06-25,S0049,9343,"79,97",80.055,79.77,80.17
2025-06-25,S0049,9343,"40,00",39.953,39.85,40.15
2025-06-25,S0049,9343,"175,00",175.237,174.75,175.25
2025-06-25,S0049,9343,"145,00",145.183,144.8,145.2
2025-06-25,S0049,9343,"4,00",3.974,3.95,4.05
2025-06-25,S0049,9343,"85,00",84.874,84.8,85.2
2025-06-25,S0049,9343,"95,00",95.107,94.75,95.25
2025-06-25,S0049,9343,"105,00",105.194,104.8,105.2
2025-06-26,S0050,8207,"275,00",275.026,274.8,275.1
2025-06-26,S0050,8207,"210,00",209.725,209.7,210.3
2025-06-26,S0050,8207,"320,00",319.847,319.8,320.3
2025-06-26,S0050,8207,"40,00",40.042,39.9,40.1
2025-06-26,S0050,8207,"325,81",325.664,325.31,326.11
2025-06-26,S0050,8207,"275,00",275.427,274.4,275.6
2025-06-26,S0050,8207,"30,00",29.931,29.6,30.4
2025-06-26,S0050,8207,"79,97",79.944,79.77,80.17
2025-06-26,S0050,8207,"40,00",39.896,39.85,40.15
2025-06-26,S0050,8207,"175,00",175.113,174.75,175.25
2025-06-26,S0050,8207,"145,00",145.128,144.8,145.2
2025-06-26,S0050,8207,"4,00",3.997,3.95,4.05
2025-06-26,S0050,8207,"85,00",84.924,84.8,85.2
2025-06-26,S0050,8207,"95,00",95.029,94.75,95.25
2025-06-26,S0050,8207,"105,00",105.075,104.8,105.2
2025-06-27,S0051,6685,"275,00",274.81,274.8,275.1
2025-06-27,S0051,6685,"210,00",209.706,209.7,210.3
2025-06-27,S0051,6685,"320,00",320.22,319.8,320.3
2025-06-27,S0051,6685,"40,00",39.93,39.9,40.1
2025-06-27,S0051,6685,"325,81",325.898,325.31,326.11
2025-06-27,S0051,6685,"275,00",274.611,274.4,275.6
2025-06-27,S0051,6685,"30,00",30.25,29.6,30.4
2025-06-27,S0051,6685,"79,97",79.889,79.77,80.17
2025-06-27,S0051,6685,"40,00",39.965,39.85,40.15
2025-06-27,S0051,6685,"175,00",174.991,174.75,175.25
2025-06-27,S0051,6685,"145,00",144.965,144.8,145.2
2025-06-27,S0051,6685,"4,00",4.026,3.95,4.05
2025-06-27,S0051,6685,"85,00",85.176,84.8,85.2
2025-06-27,S0051,6685,"95,00",95.146,94.75,95.25
2025-06-27,S0051,6685,"105,00",104.903,104.8,105.2
2025-06-28,S0052,6670,"275,00",274.957,274.8,275.1
2025-06-28,S0052,6670,"210,00",210.102,209.7,210.3
2025-06-28,S0052,6670,"320,00",320.108,319.8,320.3
2025-06-28,S0052,6670,"40,00",40.082,39.9,40.1
2025-06-28,S0052,6670,"325,81",325.62,325.31,326.11
2025-06-28,S0052,6670,"275,00",275.073,274.4,275.6
2025-06-28,S0052,6670,"30,00",29.93,29.6,30.4
2025-06-28,S0052,6670,"79,97",79.818,79.77,80.17
2025-06-28,S0052,6670,"40,00",40.007,39.85,40.15
2025-06-28,S0052,6670,"175,00",175.032,174.75,175.25
2025-06-28,S0052,6670,"145,00",144.806,144.8,145.2
2025-06-28,S0052,6670,"4,00",4.03,3.95,4.05
2025-06-28,S0052,6670,"85,00",84.942,84.8,85.2
2025-06-28,S0052,6670,"95,00",94.951,94.75,95.25
2025-06-28,S0052,6670,"105,00",104.938,104.8,105.2
2025-06-29,S0053,6688,"275,00",274.879,274.8,275.1
2025-06-29,S0053,6688,"210,00",210.286,209.7,210.3
2025-06-29,S0053,6688,"320,00",320.278,319.8,320.3
2025-06-29,S0053,6688,"40,00",40.024,39.9,40.1
2025-06-29,S0053,6688,"325,81",325.826,325.31,326.11
2025-06-29,S0053,6688,"275,00",274.739,274.4,275.6
2025-06-29,S0053,6688,"30,00",30.246,29.6,30.4
2025-06-29,S0053,6688,"79,97",79.935,79.77,80.17
2025-06-29,S0053,6688,"40,00",40.082,39.85,40.15
2025-06-29,S0053,6688,"175,00",175.187,174.75,175.25
2025-06-29,S0053,6688,"145,00",145.142,144.8,145.2
2025-06-29,S0053,6688,"4,00",3.981,3.95,4.05
2025-06-29,S0053,6688,"85,00",85.078,84.8,85.2
2025-06-29,S0053,6688,"95,00",95.081,94.75,95.25
2025-06-29,S0053,6688,"105,00",105.063,104.8,105.2
2025-06-30,S0054,7375,"275,00",274.91,274.8,275.1
2025-06-30,S0054,7375,"210,00",210.271,209.7,210.3
2025-06-30,S0054,7375,"320,00",320.021,319.8,320.3
2025-06-30,S0054,7375,"40,00",39.981,39.9,40.1
2025-06-30,S0054,7375,"325,81",326.035,325.31,326.11
2025-06-30,S0054,7375,"275,00",274.437,274.4,275.6
2025-06-30,S0054,7375,"30,00",30.165,29.6,30.4
2025-06-30,S0054,7375,"79,97",79.884,79.77,80.17
2025-06-30,S0054,7375,"40,00",39.885,39.85,40.15
2025-06-30,S0054,7375,"175,00",174.826,174.75,175.25
2025-06-30,S0054,7375,"145,00",145.071,144.8,145.2
2025-06-30,S0054,7375,"4,00",4.04,3.95,4.05
2025-06-30,S0054,7375,"85,00",85.141,84.8,85.2
2025-06-30,S0054,7375,"95,00",94.886,94.75,95.25
2025-06-30,S0054,7375,"105,00",105.16,104.8,105.2
2025-07-01,S0055,2366,"275,00",275.004,274.8,275.1
2025-07-01,S0055,2366,"210,00",210.273,209.7,210.3
2025-07-01,S0055,2366,"320,00",320.053,319.8,320.3
2025-07-01,S0055,2366,"40,00",39.943,39.9,40.1
2025-07-01,S0055,2366,"325,81",325.857,325.31,326.11
2025-07-01,S0055,2366,"275,00",274.59,274.4,275.6
2025-07-01,S0055,2366,"30,00",30.261,29.6,30.4
2025-07-01,S0055,2366,"79,97",80.043,79.77,80.17
2025-07-01,S0055,2366,"40,00",40.086,39.85,40.15
2025-07-01,S0055,2366,"175,00",174.925,174.75,175.25
2025-07-01,S0055,2366,"145,00",145.151,144.8,145.2
2025-07-01,S0055,2366,"4,00",3.953,3.95,4.05
2025-07-01,S0055,2366,"85,00",85.165,84.8,85.2
2025-07-01,S0055,2366,"95,00",95.131,94.75,95.25
2025-07-01,S0055,2366,"105,00",104.864,104.8,105.2
2025-07-02,S0056,1007,"275,00",274.888,274.8,275.1
2025-07-02,S0056,1007,"210,00",210.249,209.7,210.3
2025-07-02,S0056,1007,"320,00",319.987,319.8,320.3
2025-07-02,S0056,1007,"40,00",39.964,39.9,40.1
2025-07-02,S0056,1007,"325,81",325.326,325.31,326.11
2025-07-02,S0056,1007,"275,00",275.489,274.4,275.6
2025-07-02,S0056,1007,"30,00",29.662,29.6,30.4
2025-07-02,S0056,1007,"79,97",80.062,79.77,80.17
2025-07-02,S0056,1007,"40,00",40.058,39.85,40.15
2025-07-02,S0056,1007,"175,00",175.15,174.75,175.25
2025-07-02,S0056,1007,"145,00",144.876,144.8,145.2
2025-07-02,S0056,1007,"4,00",3.981,3.95,4.05
2025-07-02,S0056,1007,"85,00",84.922,84.8,85.2
2025-07-02,S0056,1007,"95,00",95.13,94.75,95.25
2025-07-02,S0056,1007,"105,00",104.829,104.8,105.2
2025-07-03,S0057,1402,"275,00",274.876,274.8,275.1
2025-07-03,S0057,1402,"210,00",210.3,209.7,210.3
2025-07-03,S0057,1402,"320,00",319.893,319.8,320.3
2025-07-03,S0057,1402,"40,00",39.95,39.9,40.1
2025-07-03,S0057,1402,"325,81",325.569,325.31,326.11
2025-07-03,S0057,1402,"275,00",274.48,274.4,275.6
2025-07-03,S0057,1402,"30,00",30.246,29.6,30.4
2025-07-03,S0057,1402,"79,97",79.805,79.77,80.17
2025-07-03,S0057,1402,"40,00",40.082,39.85,40.15
2025-07-03,S0057,1402,"175,00",174.969,174.75,175.25
2025-07-03,S0057,1402,"145,00",145.193,144.8,145.2
2025-07-03,S0057,1402,"4,00",3.96,3.95,4.05
2025-07-03,S0057,1402,"85,00",85.044,84.8,85.2
2025-07-03,S0057,1402,"95,00",95.033,94.75,95.25
2025-07-03,S0057,1402,"105,00",105.028,104.8,105.2
2025-07-04,S0058,8823,"275,00",274.893,274.8,275.1
2025-07-04,S0058,8823,"210,00",209.745,209.7,210.3
2025-07-04,S0058,8823,"320,00",319.867,319.8,320.3
2025-07-04,S0058,8823,"40,00",40.043,39.9,40.1
2025-07-04,S0058,8823,"325,81",325.992,325.31,326.11
2025-07-04,S0058,8823,"275,00",274.709,274.4,275.6
2025-07-04,S0058,8823,"30,00",29.658,29.6,30.4
2025-07-04,S0058,8823,"79,97",79.797,79.77,80.17
2025-07-04,S0058,8823,"40,00",39.892,39.85,40.15
2025-07-04,S0058,8823,"175,00",174.863,174.75,175.25
2025-07-04,S0058,8823,"145,00",145.145,144.8,145.2
2025-07-04,S0058,8823,"4,00",3.953,3.95,4.05
2025-07-04,S0058,8823,"85,00",84.935,84.8,85.2
2025-07-04,S0058,8823,"95,00",94.955,94.75,95.25
2025-07-04,S0058,8823,"105,00",104.805,104.8,105.2
2025-07-05,S0059,4097,"275,00",274.819,274.8,275.1
2025-07-05,S0059,4097,"210,00",209.734,209.7,210.3
2025-07-05,S0059,4097,"320,00",320.192,319.8,320.3
2025-07-05,S0059,4097,"40,00",40.006,39.9,40.1
2025-07-05,S0059,4097,"325,81",325.491,325.31,326.11
2025-07-05,S0059,4097,"275,00",275.0,274.4,275.6
2025-07-05,S0059,4097,"30,00",29.731,29.6,30.4
2025-07-05,S0059,4097,"79,97",79.782,79.77,80.17
2025-07-05,S0059,4097,"40,00",39.882,39.85,40.15
2025-07-05,S0059,4097,"175,00",175.17,174.75,175.25
2025-07-05,S0059,4097,"145,00",144.906,144.8,145.2
2025-07-05,S0059,4097,"4,00",3.953,3.95,4.05
2025-07-05,S0059,4097,"85,00",84.946,84.8,85.2
2025-07-05,S0059,4097,"95,00",95.244,94.75,95.25
2025-07-05,S0059,4097,"105,00",104.93,104.8,105.2
2025-07-06,S0060,1037,"275,00",274.971,274.8,275.1
2025-07-06,S0060,1037,"210,00",210.267,209.7,210.3
2025-07-06,S0060,1037,"320,00",319.834,319.8,320.3
2025-07-06,S0060,1037,"40,00",40.014,39.9,40.1
2025-07-06,S0060,1037,"325,81",326.062,325.31,326.11
2025-07-06,S0060,1037,"275,00",275.076,274.4,275.6
2025-07-06,S0060,1037,"30,00",29.712,29.6,30.4
2025-07-06,S0060,1037,"79,97",79.822,79.77,80.17
2025-07-06,S0060,1037,"40,00",40.073,39.85,40.15
2025-07-06,S0060,1037,"175,00",174.912,174.75,175.25
2025-07-06,S0060,1037,"145,00",144.901,144.8,145.2
2025-07-06,S0060,1037,"4,00",3.97,3.95,4.05
2025-07-06,S0060,1037,"85,00",85.169,84.8,85.2
2025-07-06,S0060,1037,"95,00",94.97,94.75,95.25
2025-07-06,S0060,1037,"105,00",104.991,104.8,105.2
2025-07-07,S0061,3983,"275,00",274.877,274.8,275.1
2025-07-07,S0061,3983,"210,00",209.745,209.7,210.3
2025-07-07,S0061,3983,"320,00",320.028,319.8,320.3
2025-07-07,S0061,3983,"40,00",39.911,39.9,40.1
2025-07-07,S0061,3983,"325,81",326.058,325.31,326.11
2025-07-07,S0061,3983,"275,00",275.358,274.4,275.6
2025-07-07,S0061,3983,"30,00",30.103,29.6,30.4
2025-07-07,S0061,3983,"79,97",79.879,79.77,80.17
2025-07-07,S0061,3983,"40,00",39.915,39.85,40.15
2025-07-07,S0061,3983,"175,00",175.008,174.75,175.25
2025-07-07,S0061,3983,"145,00",145.106,144.8,145.2
2025-07-07,S0061,3983,"4,00",4.001,3.95,4.05
2025-07-07,S0061,3983,"85,00",85.145,84.8,85.2
2025-07-07,S0061,3983,"95,00",94.948,94.75,95.25
2025-07-07,S0061,3983,"105,00",104.92,104.8,105.2
2025-07-08,S0062,3832,"275,00",274.837,274.8,275.1
2025-07-08,S0062,3832,"210,00",210.021,209.7,210.3
2025-07-08,S0062,3832,"320,00",319.807,319.8,320.3
2025-07-08,S0062,3832,"40,00",39.971,39.9,40.1
2025-07-08,S0062,3832,"325,81",326.094,325.31,326.11
2025-07-08,S0062,3832,"275,00",274.744,274.4,275.6
2025-07-08,S0062,3832,"30,00",30.364,29.6,30.4
2025-07-08,S0062,3832,"79,97",79.919,79.77,80.17
2025-07-08,S0062,3832,"40,00",40.084,39.85,40.15
2025-07-08,S0062,3832,"175,00",175.062,174.75,175.25
2025-07-08,S0062,3832,"145,00",144.973,144.8,145.2
2025-07-08,S0062,3832,"4,00",4.05,3.95,4.05
2025-07-08,S0062,3832,"85,00",85.009,84.8,85.2
2025-07-08,S0062,3832,"95,00",95.037,94.75,95.25
2025-07-08,S0062,3832,"105,00",104.91,104.8,105.2
2025-07-09,S0063,9631,"275,00",274.957,274.8,275.1
2025-07-09,S0063,9631,"210,00",210.141,209.7,210.3
2025-07-09,S0063,9631,"320,00",319.833,319.8,320.3
2025-07-09,S0063,9631,"40,00",39.985,39.9,40.1
2025-07-09,S0063,9631,"325,81",325.824,325.31,326.11
2025-07-09,S0063,9631,"275,00",274.497,274.4,275.6
2025-07-09,S0063,9631,"30,00",29.816,29.6,30.4
2025-07-09,S0063,9631,"79,97",79.934,79.77,80.17
2025-07-09,S0063,9631,"40,00",40.125,39.85,40.15
2025-07-09,S0063,9631,"175,00",174.956,174.75,175.25
2025-07-09,S0063,9631,"145,00",145.124,144.8,145.2
2025-07-09,S0063,9631,"4,00",4.046,3.95,4.05
2025-07-09,S0063,9631,"85,00",84.812,84.8,85.2
2025-07-09,S0063,9631,"95,00",94.893,94.75,95.25
2025-07-09,S0063,9631,"105,00",104.984,104.8,105.2
2025-07-10,S0064,5315,"275,00",274.814,274.8,275.1
2025-07-10,S0064,5315,"210,00",210.065,209.7,210.3
2025-07-10,S0064,5315,"320,00",320.225,319.8,320.3
2025-07-10,S0064,5315,"40,00",40.071,39.9,40.1
2025-07-10,S0064,5315,"325,81",325.491,325.31,326.11
2025-07-10,S0064,5315,"275,00",275.423,274.4,275.6
2025-07-10,S0064,5315,"30,00",30.137,29.6,30.4
2025-07-10,S0064,5315,"79,97",79.955,79.77,80.17
2025-07-10,S0064,5315,"40,00",40.031,39.85,40.15
2025-07-10,S0064,5315,"175,00",175.202,174.75,175.25
2025-07-10,S0064,5315,"145,00",144.995,144.8,145.2
2025-07-10,S0064,5315,"4,00",4.037,3.95,4.05
2025-07-10,S0064,5315,"85,00",84.845,84.8,85.2
2025-07-10,S0064,5315,"95,00",94.917,94.75,95.25
2025-07-10,S0064,5315,"105,00",104.9,104.8,105.2
2025-07-11,S0065,7848,"275,00",274.948,274.8,275.1
2025-07-11,S0065,7848,"210,00",209.802,209.7,210.3
2025-07-11,S0065,7848,"320,00",320.218,319.8,320.3
2025-07-11,S0065,7848,"40,00",39.906,39.9,40.1
2025-07-11,S0065,7848,"325,81",326.056,325.31,326.11
2025-07-11,S0065,7848,"275,00",275.095,274.4,275.6
2025-07-11,S0065,7848,"30,00",30.041,29.6,30.4
2025-07-11,S0065,7848,"79,97",79.954,79.77,80.17
2025-07-11,S0065,7848,"40,00",40.114,39.85,40.15
2025-07-11,S0065,7848,"175,00",175.199,174.75,175.25
2025-07-11,S0065,7848,"145,00",145.068,144.8,145.2
2025-07-11,S0065,7848,"4,00",3.968,3.95,4.05
2025-07-11,S0065,7848,"85,00",85.188,84.8,85.2
2025-07-11,S0065,7848,"95,00",94.849,94.75,95.25
2025-07-11,S0065,7848,"105,00",105.086,104.8,105.2
2025-07-12,S0066,6716,"275,00",274.865,274.8,275.1
2025-07-12,S0066,6716,"210,00",210.191,209.7,210.3
2025-07-12,S0066,6716,"320,00",320.222,319.8,320.3
2025-07-12,S0066,6716,"40,00",40.001,39.9,40.1
2025-07-12,S0066,6716,"325,81",325.643,325.31,326.11
2025-07-12,S0066,6716,"275,00",274.53,274.4,275.6
2025-07-12,S0066,6716,"30,00",29.682,29.6,30.4
2025-07-12,S0066,6716,"79,97",80.111,79.77,80.17
2025-07-12,S0066,6716,"40,00",39.976,39.85,40.15
2025-07-12,S0066,6716,"175,00",175.194,174.75,175.25
2025-07-12,S0066,6716,"145,00",144.885,144.8,145.2
2025-07-12,S0066,6716,"4,00",4.046,3.95,4.05
2025-07-12,S0066,6716,"85,00",85.163,84.8,85.2
2025-07-12,S0066,6716,"95,00",95.086,94.75,95.25
2025-07-12,S0066,6716,"105,00",105.187,104.8,105.2
2025-07-13,S0067,7934,"275,00",274.977,274.8,275.1
2025-07-13,S0067,7934,"210,00",210.056,209.7,210.3
2025-07-13,S0067,7934,"320,00",319.802,319.8,320.3
2025-07-13,S0067,7934,"40,00",39.989,39.9,40.1
2025-07-13,S0067,7934,"325,81",325.568,325.31,326.11
2025-07-13,S0067,7934,"275,00",274.544,274.4,275.6
2025-07-13,S0067,7934,"30,00",30.145,29.6,30.4
2025-07-13,S0067,7934,"79,97",80.042,79.77,80.17
2025-07-13,S0067,7934,"40,00",40.065,39.85,40.15
2025-07-13,S0067,7934,"175,00",175.1,174.75,175.25
2025-07-13,S0067,7934,"145,00",144.974,144.8,145.2
2025-07-13,S0067,7934,"4,00",4.03,3.95,4.05
2025-07-13,S0067,7934,"85,00",84.998,84.8,85.2
2025-07-13,S0067,7934,"95,00",95.028,94.75,95.25
2025-07-13,S0067,7934,"105,00",105.035,104.8,105.2
2025-07-14,S0068,6815,"275,00",274.999,274.8,275.1
2025-07-14,S0068,6815,"210,00",210.245,209.7,210.3
2025-07-14,S0068,6815,"320,00",320.211,319.8,320.3
2025-07-14,S0068,6815,"40,00",39.908,39.9,40.1
2025-07-14,S0068,6815,"325,81",325.347,325.31,326.11
2025-07-14,S0068,6815,"275,00",275.184,274.4,275.6
2025-07-14,S0068,6815,"30,00",29.731,29.6,30.4
2025-07-14,S0068,6815,"79,97",79.913,79.77,80.17
2025-07-14,S0068,6815,"40,00",39.869,39.85,40.15
2025-07-14,S0068,6815,"175,00",174.998,174.75,175.25
2025-07-14,S0068,6815,"145,00",144.865,144.8,145.2
2025-07-14,S0068,6815,"4,00",3.989,3.95,4.05
2025-07-14,S0068,6815,"85,00",84.878,84.8,85.2
2025-07-14,S0068,6815,"95,00",94.99,94.75,95.25
2025-07-14,S0068,6815,"105,00",104.957,104.8,105.2
2025-07-15,S0069,8872,"275,00",274.865,274.8,275.1
2025-07-15,S0069,8872,"210,00",210.186,209.7,210.3
2025-07-15,S0069,8872,"320,00",319.977,319.8,320.3
2025-07-15,S0069,8872,"40,00",40.054,39.9,40.1
2025-07-15,S0069,8872,"325,81",325.937,325.31,326.11
2025-07-15,S0069,8872,"275,00",275.524,274.4,275.6
2025-07-15,S0069,8872,"30,00",30.2,29.6,30.4
2025-07-15,S0069,8872,"79,97",80.038,79.77,80.17
2025-07-15,S0069,8872,"40,00",39.914,39.85,40.15
2025-07-15,S0069,8872,"175,00",174.775,174.75,175.25
2025-07-15,S0069,8872,"145,00",144.909,144.8,145.2
2025-07-15,S0069,8872,"4,00",3.972,3.95,4.05
2025-07-15,S0069,8872,"85,00",85.104,84.8,85.2
2025-07-15,S0069,8872,"95,00",95.101,94.75,95.25
2025-07-15,S0069,8872,"105,00",104.83,104.8,105.2
2025-07-16,S0070,5506,"275,00",274.9,274.8,275.1
2025-07-16,S0070,5506,"210,00",210.018,209.7,210.3
2025-07-16,S0070,5506,"320,00",320.25,319.8,320.3
2025-07-16,S0070,5506,"40,00",39.967,39.9,40.1
2025-07-16,S0070,5506,"325,81",325.949,325.31,326.11
2025-07-16,S0070,5506,"275,00",275.416,274.4,275.6
2025-07-16,S0070,5506,"30,00",30.057,29.6,30.4
2025-07-16,S0070,5506,"79,97",80.059,79.77,80.17
2025-07-16,S0070,5506,"40,00",39.896,39.85,40.15
2025-07-16,S0070,5506,"175,00",175.208,174.75,175.25
2025-07-16,S0070,5506,"145,00",144.954,144.8,145.2
2025-07-16,S0070,5506,"4,00",4.004,3.95,4.05
2025-07-16,S0070,5506,"85,00",84.816,84.8,85.2
2025-07-16,S0070,5506,"95,00",95.137,94.75,95.25
2025-07-16,S0070,5506,"105,00",105.033,104.8,105.2
2025-07-17,S0071,2106,"275,00",274.931,274.8,275.1
2025-07-17,S0071,2106,"210,00",210.297,209.7,210.3
2025-07-17,S0071,2106,"320,00",320.278,319.8,320.3
2025-07-17,S0071,2106,"40,00",39.99,39.9,40.1
2025-07-17,S0071,2106,"325,81",325.787,325.31,326.11
2025-07-17,S0071,2106,"275,00",274.709,274.4,275.6
2025-07-17,S0071,2106,"30,00",29.694,29.6,30.4
2025-07-17,S0071,2106,"79,97",79.81,79.77,80.17
2025-07-17,S0071,2106,"40,00",40.0,39.85,40.15
2025-07-17,S0071,2106,"175,00",175.136,174.75,175.25
2025-07-17,S0071,2106,"145,00",144.835,144.8,145.2
2025-07-17,S0071,2106,"4,00",3.951,3.95,4.05
2025-07-17,S0071,2106,"85,00",84.987,84.8,85.2
2025-07-17,S0071,2106,"95,00",95.015,94.75,95.25
2025-07-17,S0071,2106,"105,00",105.134,104.8,105.2
2025-07-18,S0072,2995,"275,00",275.081,274.8,275.1
2025-07-18,S0072,2995,"210,00",209.797,209.7,210.3
2025-07-18,S0072,2995,"320,00",320.01,319.8,320.3
2025-07-18,S0072,2995,"40,00",40.054,39.9,40.1
2025-07-18,S0072,2995,"325,81",325.863,325.31,326.11
2025-07-18,S0072,2995,"275,00",274.61,274.4,275.6
2025-07-18,S0072,2995,"30,00",29.827,29.6,30.4
2025-07-18,S0072,2995,"79,97",80.081,79.77,80.17
2025-07-18,S0072,2995,"40,00",40.019,39.85,40.15
2025-07-18,S0072,2995,"175,00",174.822,174.75,175.25
2025-07-18,S0072,2995,"145,00",145.071,144.8,145.2
2025-07-18,S0072,2995,"4,00",3.995,3.95,4.05
2025-07-18,S0072,2995,"85,00",84.965,84.8,85.2
2025-07-18,S0072,2995,"95,00",95.194,94.75,95.25
2025-07-18,S0072,2995,"105,00",104.893,104.8,105.2
2025-07-19,S0073,2036,"275,00",274.813,274.8,275.1
2025-07-19,S0073,2036,"210,00",210.172,209.7,210.3
2025-07-19,S0073,2036,"320,00",319.82,319.8,320.3
2025-07-19,S0073,2036,"40,00",40.087,39.9,40.1
2025-07-19,S0073,2036,"325,81",325.797,325.31,326.11
2025-07-19,S0073,2036,"275,00",274.737,274.4,275.6
2025-07-19,S0073,2036,"30,00",30.279,29.6,30.4
2025-07-19,S0073,2036,"79,97",79.884,79.77,80.17
2025-07-19,S0073,2036,"40,00",40.058,39.85,40.15
2025-07-19,S0073,2036,"175,00",174.928,174.75,175.25
2025-07-19,S0073,2036,"145,00",145.083,144.8,145.2
2025-07-19,S0073,2036,"4,00",4.049,3.95,4.05
2025-07-19,S0073,2036,"85,00",84.863,84.8,85.2
2025-07-19,S0073,2036,"95,00",94.838,94.75,95.25
2025-07-19,S0073,2036,"105,00",105.021,104.8,105.2
2025-07-20,S0074,2700,"275,00",275.01,274.8,275.1
2025-07-20,S0074,2700,"210,00",209.741,209.7,210.3
2025-07-20,S0074,2700,"320,00",319.993,319.8,320.3
2025-07-20,S0074,2700,"40,00",40.004,39.9,40.1
2025-07-20,S0074,2700,"325,81",326.107,325.31,326.11
2025-07-20,S0074,2700,"275,00",275.139,274.4,275.6
2025-07-20,S0074,2700,"30,00",29.771,29.6,30.4
2025-07-20,S0074,2700,"79,97",79.875,79.77,80.17
2025-07-20,S0074,2700,"40,00",40.115,39.85,40.15
2025-07-20,S0074,2700,"175,00",175.181,174.75,175.25
2025-07-20,S0074,2700,"145,00",144.936,144.8,145.2
2025-07-20,S0074,2700,"4,00",4.0,3.95,4.05
2025-07-20,S0074,2700,"85,00",84.91,84.8,85.2
2025-07-20,S0074,2700,"95,00",94.899,94.75,95.25
2025-07-20,S0074,2700,"105,00",104.884,104.8,105.2
2025-07-21,S0075,3358,"275,00",275.017,274.8,275.1
2025-07-21,S0075,3358,"210,00",209.706,209.7,210.3
2025-07-21,S0075,3358,"320,00",320.283,319.8,320.3
2025-07-21,S0075,3358,"40,00",39.972,39.9,40.1
2025-07-21,S0075,3358,"325,81",326.098,325.31,326.11
2025-07-21,S0075,3358,"275,00",274.967,274.4,275.6
2025-07-21,S0075,3358,"30,00",29.85,29.6,30.4
2025-07-21,S0075,3358,"79,97",79.77,79.77,80.17
2025-07-21,S0075,3358,"40,00",40.135,39.85,40.15
2025-07-21,S0075,3358,"175,00",175.182,174.75,175.25
2025-07-21,S0075,3358,"145,00",145.2,144.8,145.2
2025-07-21,S0075,3358,"4,00",3.95,3.95,4.05
2025-07-21,S0075,3358,"85,00",85.165,84.8,85.2
2025-07-21,S0075,3358,"95,00",95.173,94.75,95.25
2025-07-21,S0075,3358,"105,00",105.147,104.8,105.2
2025-07-22,S0076,1272,"275,00",274.967,274.8,275.1
2025-07-22,S0076,1272,"210,00",209.934,209.7,210.3
2025-07-22,S0076,1272,"320,00",319.912,319.8,320.3
2025-07-22,S0076,1272,"40,00",40.1,39.9,40.1
2025-07-22,S0076,1272,"325,81",325.348,325.31,326.11
2025-07-22,S0076,1272,"275,00",274.838,274.4,275.6
2025-07-22,S0076,1272,"30,00",30.148,29.6,30.4
2025-07-22,S0076,1272,"79,97",79.85,79.77,80.17
2025-07-22,S0076,1272,"40,00",39.959,39.85,40.15
2025-07-22,S0076,1272,"175,00",175.046,174.75,175.25
2025-07-22,S0076,1272,"145,00",144.855,144.8,145.2
2025-07-22,S0076,1272,"4,00",3.994,3.95,4.05
2025-07-22,S0076,1272,"85,00",85.086,84.8,85.2
2025-07-22,S0076,1272,"95,00",95.054,94.75,95.25
2025-07-22,S0076,1272,"105,00",105.034,104.8,105.2
2025-07-23,S0077,8678,"275,00",274.982,274.8,275.1
2025-07-23,S0077,8678,"210,00",209.702,209.7,210.3
2025-07-23,S0077,8678,"320,00",320.209,319.8,320.3
2025-07-23,S0077,8678,"40,00",40.002,39.9,40.1
2025-07-23,S0077,8678,"325,81",325.48,325.31,326.11
2025-07-23,S0077,8678,"275,00",274.848,274.4,275.6
2025-07-23,S0077,8678,"30,00",30.012,29.6,30.4
2025-07-23,S0077,8678,"79,97",80.017,79.77,80.17
2025-07-23,S0077,8678,"40,00",40.084,39.85,40.15
2025-07-23,S0077,8678,"175,00",174.879,174.75,175.25
2025-07-23,S0077,8678,"145,00",144.83,144.8,145.2
2025-07-23,S0077,8678,"4,00",3.997,3.95,4.05
2025-07-23,S0077,8678,"85,00",84.841,84.8,85.2
2025-07-23,S0077,8678,"95,00",95.004,94.75,95.25
2025-07-23,S0077,8678,"105,00",104.977,104.8,105.2
2025-07-24,S0078,9174,"275,00",274.994,274.8,275.1
2025-07-24,S0078,9174,"210,00",210.222,209.7,210.3
2025-07-24,S0078,9174,"320,00",320.119,319.8,320.3
2025-07-24,S0078,9174,"40,00",40.086,39.9,40.1
2025-07-24,S0078,9174,"325,81",325.591,325.31,326.11
2025-07-24,S0078,9174,"275,00",274.667,274.4,275.6
2025-07-24,S0078,9174,"30,00",29.969,29.6,30.4
2025-07-24,S0078,9174,"79,97",79.966,79.77,80.17
2025-07-24,S0078,9174,"40,00",40.122,39.85,40.15
2025-07-24,S0078,9174,"175,00",175.0,174.75,175.25
2025-07-24,S0078,9174,"145,00",145.028,144.8,145.2
2025-07-24,S0078,9174,"4,00",4.01,3.95,4.05
2025-07-24,S0078,9174,"85,00",85.027,84.8,85.2
2025-07-24,S0078,9174,"95,00",95.017,94.75,95.25
2025-07-24,S0078,9174,"105,00",105.129,104.8,105.2
2025-07-25,S0079,3154,"275,00",275.049,274.8,275.1
2025-07-25,S0079,3154,"210,00",210.189,209.7,210.3
2025-07-25,S0079,3154,"320,00",319.887,319.8,320.3
2025-07-25,S0079,3154,"40,00",40.086,39.9,40.1
2025-07-25,S0079,3154,"325,81",325.881,325.31,326.11
2025-07-25,S0079,3154,"275,00",275.284,274.4,275.6
2025-07-25,S0079,3154,"30,00",30.068,29.6,30.4
2025-07-25,S0079,3154,"79,97",80.083,79.77,80.17
2025-07-25,S0079,3154,"40,00",40.085,39.85,40.15
2025-07-25,S0079,3154,"175,00",175.074,174.75,175.25
2025-07-25,S0079,3154,"145,00",144.884,144.8,145.2
2025-07-25,S0079,3154,"4,00",3.995,3.95,4.05
2025-07-25,S0079,3154,"85,00",84.816,84.8,85.2
2025-07-25,S0079,3154,"95,00",94.815,94.75,95.25
2025-07-25,S0079,3154,"105,00",104.937,104.8,105.2
2025-07-26,S0080,8853,"275,00",274.918,274.8,275.1
2025-07-26,S0080,8853,"210,00",209.988,209.7,210.3
2025-07-26,S0080,8853,"320,00",320.158,319.8,320.3
2025-07-26,S0080,8853,"40,00",39.964,39.9,40.1
2025-07-26,S0080,8853,"325,81",325.654,325.31,326.11
2025-07-26,S0080,8853,"275,00",274.447,274.4,275.6
2025-07-26,S0080,8853,"30,00",30.072,29.6,30.4
2025-07-26,S0080,8853,"79,97",79.957,79.77,80.17
2025-07-26,S0080,8853,"40,00",39.872,39.85,40.15
2025-07-26,S0080,8853,"175,00",175.038,174.75,175.25
2025-07-26,S0080,8853,"145,00",145.2,144.8,145.2
2025-07-26,S0080,8853,"4,00",3.978,3.95,4.05
2025-07-26,S0080,8853,"85,00",84.91,84.8,85.2
2025-07-26,S0080,8853,"95,00",94.896,94.75,95.25
2025-07-26,S0080,8853,"105,00",105.087,104.8,105.2
2025-07-27,S0081,8884,"275,00",275.063,274.8,275.1
2025-07-27,S0081,8884,"210,00",210.067,209.7,210.3
2025-07-27,S0081,8884,"320,00",320.217,319.8,320.3
2025-07-27,S0081,8884,"40,00",39.924,39.9,40.1
2025-07-27,S0081,8884,"325,81",326.007,325.31,326.11
2025-07-27,S0081,8884,"275,00",274.825,274.4,275.6
2025-07-27,S0081,8884,"30,00",29.935,29.6,30.4
2025-07-27,S0081,8884,"79,97",79.931,79.77,80.17
2025-07-27,S0081,8884,"40,00",39.992,39.85,40.15
2025-07-27,S0081,8884,"175,00",174.831,174.75,175.25
2025-07-27,S0081,8884,"145,00",145.135,144.8,145.2
2025-07-27,S0081,8884,"4,00",3.977,3.95,4.05
2025-07-27,S0081,8884,"85,00",85.027,84.8,85.2
2025-07-27,S0081,8884,"95,00",95.074,94.75,95.25
2025-07-27,S0081,8884,"105,00",104.83,104.8,105.2
2025-07-28,S0082,8240,"275,00",275.094,274.8,275.1
2025-07-28,S0082,8240,"210,00",210.236,209.7,210.3
2025-07-28,S0082,8240,"320,00",320.226,319.8,320.3
2025-07-28,S0082,8240,"40,00",40.004,39.9,40.1
2025-07-28,S0082,8240,"325,81",325.48,325.31,326.11
2025-07-28,S0082,8240,"275,00",275.331,274.4,275.6
2025-07-28,S0082,8240,"30,00",29.965,29.6,30.4
2025-07-28,S0082,8240,"79,97",80.009,79.77,80.17
2025-07-28,S0082,8240,"40,00",40.105,39.85,40.15
2025-07-28,S0082,8240,"175,00",174.781,174.75,175.25
2025-07-28,S0082,8240,"145,00",145.17,144.8,145.2
2025-07-28,S0082,8240,"4,00",3.957,3.95,4.05
2025-07-28,S0082,8240,"85,00",85.06,84.8,85.2
2025-07-28,S0082,8240,"95,00",95.095,94.75,95.25
2025-07-28,S0082,8240,"105,00",105.178,104.8,105.2
2025-07-29,S0083,5329,"275,00",274.853,274.8,275.1
2025-07-29,S0083,5329,"210,00",209.712,209.7,210.3
2025-07-29,S0083,5329,"320,00",320.092,319.8,320.3
2025-07-29,S0083,5329,"40,00",40.006,39.9,40.1
2025-07-29,S0083,5329,"325,81",326.03,325.31,326.11
2025-07-29,S0083,5329,"275,00",275.191,274.4,275.6
2025-07-29,S0083,5329,"30,00",29.901,29.6,30.4
2025-07-29,S0083,5329,"79,97",80.013,79.77,80.17
2025-07-29,S0083,5329,"40,00",39.879,39.85,40.15
2025-07-29,S0083,5329,"175,00",174.806,174.75,175.25
2025-07-29,S0083,5329,"145,00",144.992,144.8,145.2
2025-07-29,S0083,5329,"4,00",3.958,3.95,4.05
2025-07-29,S0083,5329,"85,00",84.975,84.8,85.2
2025-07-29,S0083,5329,"95,00",95.154,94.75,95.25
2025-07-29,S0083,5329,"105,00",105.184,104.8,105.2
2025-07-30,S0084,3648,"275,00",274.841,274.8,275.1
2025-07-30,S0084,3648,"210,00",210.141,209.7,210.3
2025-07-30,S0084,3648,"320,00",320.085,319.8,320.3
2025-07-30,S0084,3648,"40,00",39.994,39.9,40.1
2025-07-30,S0084,3648,"325,81",325.614,325.31,326.11
2025-07-30,S0084,3648,"275,00",275.237,274.4,275.6
2025-07-30,S0084,3648,"30,00",30.3,29.6,30.4
2025-07-30,S0084,3648,"79,97",79.783,79.77,80.17
2025-07-30,S0084,3648,"40,00",40.081,39.85,40.15
2025-07-30,S0084,3648,"175,00",174.796,174.75,175.25
2025-07-30,S0084,3648,"145,00",144.847,144.8,145.2
2025-07-30,S0084,3648,"4,00",3.987,3.95,4.05
2025-07-30,S0084,3648,"85,00",84.949,84.8,85.2
2025-07-30,S0084,3648,"95,00",94.967,94.75,95.25
2025-07-30,S0084,3648,"105,00",105.154,104.8,105.2
2025-07-31,S0085,5661,"275,00",274.833,274.8,275.1
2025-07-31,S0085,5661,"210,00",209.738,209.7,210.3
2025-07-31,S0085,5661,"320,00",319.867,319.8,320.3
2025-07-31,S0085,5661,"40,00",39.909,39.9,40.1
2025-07-31,S0085,5661,"325,81",325.606,325.31,326.11
2025-07-31,S0085,5661,"275,00",275.139,274.4,275.6
2025-07-31,S0085,5661,"30,00",30.175,29.6,30.4
2025-07-31,S0085,5661,"79,97",79.801,79.77,80.17
2025-07-31,S0085,5661,"40,00",40.134,39.85,40.15
2025-07-31,S0085,5661,"175,00",175.153,174.75,175.25
2025-07-31,S0085,5661,"145,00",144.825,144.8,145.2
2025-07-31,S0085,5661,"4,00",3.951,3.95,4.05
2025-07-31,S0085,5661,"85,00",84.849,84.8,85.2
2025-07-31,S0085,5661,"95,00",94.911,94.75,95.25
2025-07-31,S0085,5661,"105,00",105.177,104.8,105.2
2025-08-01,S0086,6571,"275,00",274.863,274.8,275.1
2025-08-01,S0086,6571,"210,00",209.73,209.7,210.3
2025-08-01,S0086,6571,"320,00",320.15,319.8,320.3
2025-08-01,S0086,6571,"40,00",39.935,39.9,40.1
2025-08-01,S0086,6571,"325,81",325.604,325.31,326.11
2025-08-01,S0086,6571,"275,00",275.43,274.4,275.6
2025-08-01,S0086,6571,"30,00",30.314,29.6,30.4
2025-08-01,S0086,6571,"79,97",80.044,79.77,80.17
2025-08-01,S0086,6571,"40,00",39.964,39.85,40.15
2025-08-01,S0086,6571,"175,00",174.937,174.75,175.25
2025-08-01,S0086,6571,"145,00",145.103,144.8,145.2
2025-08-01,S0086,6571,"4,00",4.015,3.95,4.05
2025-08-01,S0086,6571,"85,00",84.805,84.8,85.2
2025-08-01,S0086,6571,"95,00",95.188,94.75,95.25
2025-08-01,S0086,6571,"105,00",104.994,104.8,105.2
2025-08-02,S0087,6574,"275,00",274.987,274.8,275.1
2025-08-02,S0087,6574,"210,00",210.029,209.7,210.3
2025-08-02,S0087,6574,"320,00",320.183,319.8,320.3
2025-08-02,S0087,6574,"40,00",39.998,39.9,40.1
2025-08-02,S0087,6574,"325,81",325.447,325.31,326.11
2025-08-02,S0087,6574,"275,00",275.234,274.4,275.6
2025-08-02,S0087,6574,"30,00",30.339,29.6,30.4
2025-08-02,S0087,6574,"79,97",79.941,79.77,80.17
2025-08-02,S0087,6574,"40,00",39.889,39.85,40.15
2025-08-02,S0087,6574,"175,00",175.058,174.75,175.25
2025-08-02,S0087,6574,"145,00",145.017,144.8,145.2
2025-08-02,S0087,6574,"4,00",4.019,3.95,4.05
2025-08-02,S0087,6574,"85,00",85.064,84.8,85.2
2025-08-02,S0087,6574,"95,00",94.79,94.75,95.25
2025-08-02,S0087,6574,"105,00",104.86,104.8,105.2
2025-08-03,S0088,6131,"275,00",275.084,274.8,275.1
2025-08-03,S0088,6131,"210,00",210.011,209.7,210.3
2025-08-03,S0088,6131,"320,00",319.932,319.8,320.3
2025-08-03,S0088,6131,"40,00",39.904,39.9,40.1
2025-08-03,S0088,6131,"325,81",325.417,325.31,326.11
2025-08-03,S0088,6131,"275,00",275.578,274.4,275.6
2025-08-03,S0088,6131,"30,00",29.65,29.6,30.4
2025-08-03,S0088,6131,"79,97",79.896,79.77,80.17
2025-08-03,S0088,6131,"40,00",39.856,39.85,40.15
2025-08-03,S0088,6131,"175,00",175.202,174.75,175.25
2025-08-03,S0088,6131,"145,00",145.132,144.8,145.2
2025-08-03,S0088,6131,"4,00",3.975,3.95,4.05
2025-08-03,S0088,6131,"85,00",85.073,84.8,85.2
2025-08-03,S0088,6131,"95,00",95.197,94.75,95.25
2025-08-03,S0088,6131,"105,00",104.925,104.8,105.2
2025-08-04,S0089,4670,"275,00",274.849,274.8,275.1
2025-08-04,S0089,4670,"210,00",209.768,209.7,210.3
2025-08-04,S0089,4670,"320,00",320.052,319.8,320.3
2025-08-04,S0089,4670,"40,00",40.076,39.9,40.1
2025-08-04,S0089,4670,"325,81",325.312,325.31,326.11
2025-08-04,S0089,4670,"275,00",275.01,274.4,275.6
2025-08-04,S0089,4670,"30,00",29.772,29.6,30.4
2025-08-04,S0089,4670,"79,97",79.868,79.77,80.17
2025-08-04,S0089,4670,"40,00",40.122,39.85,40.15
2025-08-04,S0089,4670,"175,00",174.836,174.75,175.25
2025-08-04,S0089,4670,"145,00",145.195,144.8,145.2
2025-08-04,S0089,4670,"4,00",4.032,3.95,4.05
2025-08-04,S0089,4670,"85,00",85.146,84.8,85.2
2025-08-04,S0089,4670,"95,00",95.19,94.75,95.25
2025-08-04,S0089,4670,"105,00",105.079,104.8,105.2
2025-08-05,S0090,1405,"275,00",274.89,274.8,275.1
2025-08-05,S0090,1405,"210,00",210.299,209.7,210.3
2025-08-05,S0090,1405,"320,00",319.916,319.8,320.3
2025-08-05,S0090,1405,"40,00",39.979,39.9,40.1
2025-08-05,S0090,1405,"325,81",325.879,325.31,326.11
2025-08-05,S0090,1405,"275,00",274.474,274.4,275.6
2025-08-05,S0090,1405,"30,00",29.828,29.6,30.4
2025-08-05,S0090,1405,"79,97",80.02,79.77,80.17
2025-08-05,S0090,1405,"40,00",40.079,39.85,40.15
2025-08-05,S0090,1405,"175,00",175.099,174.75,175.25
2025-08-05,S0090,1405,"145,00",145.093,144.8,145.2
2025-08-05,S0090,1405,"4,00",4.033,3.95,4.05
2025-08-05,S0090,1405,"85,00",84.969,84.8,85.2
2025-08-05,S0090,1405,"95,00",94.91,94.75,95.25
2025-08-05,S0090,1405,"105,00",105.197,104.8,105.2
2025-08-06,S0091,5825,"275,00",274.915,274.8,275.1
2025-08-06,S0091,5825,"210,00",210.08,209.7,210.3
2025-08-06,S0091,5825,"320,00",320.256,319.8,320.3
2025-08-06,S0091,5825,"40,00",39.952,39.9,40.1
2025-08-06,S0091,5825,"325,81",325.602,325.31,326.11
2025-08-06,S0091,5825,"275,00",274.978,274.4,275.6
2025-08-06,S0091,5825,"30,00",30.087,29.6,30.4
2025-08-06,S0091,5825,"79,97",80.063,79.77,80.17
2025-08-06,S0091,5825,"40,00",39.901,39.85,40.15
2025-08-06,S0091,5825,"175,00",174.754,174.75,175.25
2025-08-06,S0091,5825,"145,00",145.149,144.8,145.2
2025-08-06,S0091,5825,"4,00",4.023,3.95,4.05
2025-08-06,S0091,5825,"85,00",85.059,84.8,85.2
2025-08-06,S0091,5825,"95,00",95.157,94.75,95.25
2025-08-06,S0091,5825,"105,00",104.901,104.8,105.2
2025-08-07,S0092,7015,"275,00",274.97,274.8,275.1
2025-08-07,S0092,7015,"210,00",210.01,209.7,210.3
2025-08-07,S0092,7015,"320,00",319.818,319.8,320.3
2025-08-07,S0092,7015,"40,00",39.95,39.9,40.1
2025-08-07,S0092,7015,"325,81",325.67,325.31,326.11
2025-08-07,S0092,7015,"275,00",274.632,274.4,275.6
2025-08-07,S0092,7015,"30,00",30.38,29.6,30.4
2025-08-07,S0092,7015,"79,97",80.123,79.77,80.17
2025-08-07,S0092,7015,"40,00",40.046,39.85,40.15
2025-08-07,S0092,7015,"175,00",175.091,174.75,175.25
2025-08-07,S0092,7015,"145,00",145.15,144.8,145.2
2025-08-07,S0092,7015,"4,00",4.034,3.95,4.05
2025-08-07,S0092,7015,"85,00",85.029,84.8,85.2
2025-08-07,S0092,7015,"95,00",95.006,94.75,95.25
2025-08-07,S0092,7015,"105,00",104.818,104.8,105.2
2025-08-08,S0093,2571,"275,00",274.969,274.8,275.1
2025-08-08,S0093,2571,"210,00",210.185,209.7,210.3
2025-08-08,S0093,2571,"320,00",320.086,319.8,320.3
2025-08-08,S0093,2571,"40,00",40.04,39.9,40.1
2025-08-08,S0093,2571,"325,81",325.873,325.31,326.11
2025-08-08,S0093,2571,"275,00",274.577,274.4,275.6
2025-08-08,S0093,2571,"30,00",30.366,29.6,30.4
2025-08-08,S0093,2571,"79,97",79.812,79.77,80.17
2025-08-08,S0093,2571,"40,00",39.99,39.85,40.15
2025-08-08,S0093,2571,"175,00",174.991,174.75,175.25
2025-08-08,S0093,2571,"145,00",144.874,144.8,145.2
2025-08-08,S0093,2571,"4,00",3.974,3.95,4.05
2025-08-08,S0093,2571,"85,00",85.117,84.8,85.2
2025-08-08,S0093,2571,"95,00",94.983,94.75,95.25
2025-08-08,S0093,2571,"105,00",105.131,104.8,105.2
2025-08-09,S0094,1765,"275,00",275.048,274.8,275.1
2025-08-09,S0094,1765,"210,00",210.222,209.7,210.3
2025-08-09,S0094,1765,"320,00",319.941,319.8,320.3
2025-08-09,S0094,1765,"40,00",40.013,39.9,40.1
2025-08-09,S0094,1765,"325,81",325.706,325.31,326.11
2025-08-09,S0094,1765,"275,00",274.829,274.4,275.6
2025-08-09,S0094,1765,"30,00",29.729,29.6,30.4
2025-08-09,S0094,1765,"79,97",79.893,79.77,80.17
2025-08-09,S0094,1765,"40,00",39.967,39.85,40.15
2025-08-09,S0094,1765,"175,00",174.765,174.75,175.25
2025-08-09,S0094,1765,"145,00",144.927,144.8,145.2
2025-08-09,S0094,1765,"4,00",4.034,3.95,4.05
2025-08-09,S0094,1765,"85,00",84.827,84.8,85.2
2025-08-09,S0094,1765,"95,00",94.833,94.75,95.25
2025-08-09,S0094,1765,"105,00",105.137,104.8,105.2
2025-08-10,S0095,5379,"275,00",274.948,274.8,275.1
2025-08-10,S0095,5379,"210,00",209.749,209.7,210.3
2025-08-10,S0095,5379,"320,00",320.25,319.8,320.3
2025-08-10,S0095,5379,"40,00",40.056,39.9,40.1
2025-08-10,S0095,5379,"325,81",325.608,325.31,326.11
2025-08-10,S0095,5379,"275,00",275.555,274.4,275.6
2025-08-10,S0095,5379,"30,00",29.737,29.6,30.4
2025-08-10,S0095,5379,"79,97",79.932,79.77,80.17
2025-08-10,S0095,5379,"40,00",39.85,39.85,40.15
2025-08-10,S0095,5379,"175,00",175.249,174.75,175.25
2025-08-10,S0095,5379,"145,00",145.011,144.8,145.2
2025-08-10,S0095,5379,"4,00",4.05,3.95,4.05
2025-08-10,S0095,5379,"85,00",85.121,84.8,85.2
2025-08-10,S0095,5379,"95,00",94.897,94.75,95.25
2025-08-10,S0095,5379,"105,00",105.148,104.8,105.2
2025-08-11,S0096,6739,"275,00",274.974,274.8,275.1
2025-08-11,S0096,6739,"210,00",210.016,209.7,210.3
2025-08-11,S0096,6739,"320,00",320.211,319.8,320.3
2025-08-11,S0096,6739,"40,00",39.968,39.9,40.1
2025-08-11,S0096,6739,"325,81",326.092,325.31,326.11
2025-08-11,S0096,6739,"275,00",274.473,274.4,275.6
2025-08-11,S0096,6739,"30,00",29.881,29.6,30.4
2025-08-11,S0096,6739,"79,97",79.828,79.77,80.17
2025-08-11,S0096,6739,"40,00",40.131,39.85,40.15
2025-08-11,S0096,6739,"175,00",174.96,174.75,175.25
2025-08-11,S0096,6739,"145,00",145.108,144.8,145.2
2025-08-11,S0096,6739,"4,00",4.004,3.95,4.05
2025-08-11,S0096,6739,"85,00",85.128,84.8,85.2
2025-08-11,S0096,6739,"95,00",94.977,94.75,95.25
2025-08-11,S0096,6739,"105,00",105.192,104.8,105.2
2025-08-12,S0097,1098,"275,00",274.922,274.8,275.1
2025-08-12,S0097,1098,"210,00",209.712,209.7,210.3
2025-08-12,S0097,1098,"320,00",319.903,319.8,320.3
2025-08-12,S0097,1098,"40,00",40.063,39.9,40.1
2025-08-12,S0097,1098,"325,81",326.064,325.31,326.11
2025-08-12,S0097,1098,"275,00",274.97,274.4,275.6
2025-08-12,S0097,1098,"30,00",29.636,29.6,30.4
2025-08-12,S0097,1098,"79,97",79.789,79.77,80.17
2025-08-12,S0097,1098,"40,00",39.891,39.85,40.15
2025-08-12,S0097,1098,"175,00",175.187,174.75,175.25
2025-08-12,S0097,1098,"145,00",145.169,144.8,145.2
2025-08-12,S0097,1098,"4,00",3.973,3.95,4.05
2025-08-12,S0097,1098,"85,00",84.868,84.8,85.2
2025-08-12,S0097,1098,"95,00",94.808,94.75,95.25
2025-08-12,S0097,1098,"105,00",105.049,104.8,105.2
2025-08-13,S0098,9489,"275,00",275.005,274.8,275.1
2025-08-13,S0098,9489,"210,00",209.708,209.7,210.3
2025-08-13,S0098,9489,"320,00",320.127,319.8,320.3
2025-08-13,S0098,9489,"40,00",40.039,39.9,40.1
2025-08-13,S0098,9489,"325,81",325.629,325.31,326.11
2025-08-13,S0098,9489,"275,00",275.368,274.4,275.6
2025-08-13,S0098,9489,"30,00",29.788,29.6,30.4
2025-08-13,S0098,9489,"79,97",80.026,79.77,80.17
2025-08-13,S0098,9489,"40,00",40.009,39.85,40.15
2025-08-13,S0098,9489,"175,00",175.027,174.75,175.25
2025-08-13,S0098,9489,"145,00",145.065,144.8,145.2
2025-08-13,S0098,9489,"4,00",4.031,3.95,4.05
2025-08-13,S0098,9489,"85,00",85.054,84.8,85.2
2025-08-13,S0098,9489,"95,00",95.237,94.75,95.25
2025-08-13,S0098,9489,"105,00",104.807,104.8,105.2
2025-08-14,S0099,8038,"275,00",274.853,274.8,275.1
2025-08-14,S0099,8038,"210,00",210.217,209.7,210.3
2025-08-14,S0099,8038,"320,00",320.261,319.8,320.3
2025-08-14,S0099,8038,"40,00",39.934,39.9,40.1
2025-08-14,S0099,8038,"325,81",326.076,325.31,326.11
2025-08-14,S0099,8038,"275,00",274.959,274.4,275.6
2025-08-14,S0099,8038,"30,00",29.901,29.6,30.4
2025-08-14,S0099,8038,"79,97",79.861,79.77,80.17
2025-08-14,S0099,8038,"40,00",40.014,39.85,40.15
2025-08-14,S0099,8038,"175,00",174.887,174.75,175.25
2025-08-14,S0099,8038,"145,00",145.09,144.8,145.2
2025-08-14,S0099,8038,"4,00",3.978,3.95,4.05
2025-08-14,S0099,8038,"85,00",84.994,84.8,85.2
2025-08-14,S0099,8038,"95,00",94.992,94.75,95.25
2025-08-14,S0099,8038,"105,00",104.91,104.8,105.2
2025-08-15,S0100,1061,"275,00",275.041,274.8,275.1
2025-08-15,S0100,1061,"210,00",209.773,209.7,210.3
2025-08-15,S0100,1061,"320,00",319.923,319.8,320.3
2025-08-15,S0100,1061,"40,00",39.986,39.9,40.1
2025-08-15,S0100,1061,"325,81",325.576,325.31,326.11
2025-08-15,S0100,1061,"275,00",274.4,274.4,275.6
2025-08-15,S0100,1061,"30,00",30.303,29.6,30.4
2025-08-15,S0100,1061,"79,97",80.006,79.77,80.17
2025-08-15,S0100,1061,"40,00",40.14,39.85,40.15
2025-08-15,S0100,1061,"175,00",175.117,174.75,175.25
2025-08-15,S0100,1061,"145,00",144.955,144.8,145.2
2025-08-15,S0100,1061,"4,00",3.988,3.95,4.05
2025-08-15,S0100,1061,"85,00",85.14,84.8,85.2
2025-08-15,S0100,1061,"95,00",94.868,94.75,95.25
2025-08-15,S0100,1061,"105,00",105.137,104.8,105.2
